tree
version=v4
num_class=1
num_tree_per_iteration=1
label_index=0
max_feature_idx=14
objective=regression
feature_names=reserve_margin_ratio renewable_saturation spark_spread_proxy system_short_signal price_ptf_lag_24h price_ptf_lag_168h hour_sin hour_cos dow_sin_x dow_cos_x is_weekend_x is_holiday_day temp_national HDD CDD
feature_infos=[0.10296164692965946:0.70241138145944593] [0.0021784835942654911:0.31010744646373994] [0:2.6401914138775062] [-4150:4300.0100000000002] [0:3444.3599598399201] [0:3444.3599598399201] [-1:1] [-1:1] [-0.97492791218182362:0.97492791218182362] [-0.90096886790241903:1] [0:1] [0:1] [-2.2555740000000002:18.692222999999998] [0:20.255572999999998] none
tree_sizes=1461 1468 1475 1478 1464 1488 1472 1472 1469 1471 1480 1475 1471 1476 1491 1482 1475 1488 1485 1476 1489 1496 1477 1500 1482 1475 1463 1465 1463 1498 1475 1489 1473 1470 1359 1467 1439 1452 1475 1441 1490 1478 1489 1453 1461 1454 1444 1468 1486 1448 1301 1474 1480

Tree=0
num_leaves=15
num_cat=0
split_feature=4 5 5 4 5 4 5 4 5 1 4 5 4 2
split_gain=1.06836e+10 1.76688e+09 1.21627e+09 4.07297e+08 2.13232e+08 2.05041e+08 7.90262e+07 7.62572e+07 6.09355e+07 5.65859e+07 5.19075e+07 4.44345e+07 3.74279e+07 2.7023e+07
threshold=1268.0931206398557 2131.9594740145162 598.93948057395687 1743.9111632769943 1133.1627061669908 2626.1050338120644 2019.4196213484609 520.53403998596036 1506.3969027476808 0.18311622431001986 902.63914523924097 2863.635411009132 313.36243140441212 2.5750175502600348
decision_type=2 2 2 2 2 2 2 2 2 2 2 2 2 2
left_child=2 3 7 8 10 11 -6 12 -2 -5 -4 -3 -1 -7
right_child=1 5 4 9 6 13 -8 -9 -10 -11 -12 -13 -14 -15
leaf_value=943.05167934732856 1048.5144673811537 1136.98455316582 993.39571136916925 1111.5106527110891 1032.3405634728094 1188.0948357214463 1099.7460305290324 981.2622566210232 1075.6994956374817 1053.279364825019 1015.5111699195938 1180.8203928355615 960.37859494593772 1220.4568241506745
leaf_weight=1421 2809 1315 3298 2413 1957 961 190 1658 1170 181 1565 292 10943 412
leaf_count=1421 2809 1315 3298 2413 1957 961 190 1658 1170 181 1565 292 10943 412
internal_value=1017.92 1105.61 978.086 1076.64 1012.1 1169.47 1038.34 961.084 1056.52 1107.46 1000.51 1145.05 958.381 1197.95
internal_weight=30585 9553 21032 6573 7010 2980 2147 14022 3979 2594 4863 1607 12364 1373
internal_count=30585 9553 21032 6573 7010 2980 2147 14022 3979 2594 4863 1607 12364 1373
is_linear=0
shrinkage=1


Tree=1
num_leaves=15
num_cat=0
split_feature=4 5 5 5 4 4 4 5 4 5 4 5 5 4
split_gain=8.68782e+09 1.4797e+09 9.88738e+08 2.24021e+08 1.78656e+08 1.42965e+08 1.17588e+08 8.84072e+07 7.02988e+07 3.90412e+07 3.42709e+07 3.40972e+07 2.99115e+07 2.51553e+07
threshold=1420.263053060253 691.30499012125676 2148.5964702371089 1222.0183875528421 1873.4163097475914 2626.1050338120644 553.2163897711697 2803.4179486041867 942.61101605018291 1743.9111632769943 2536.291659429196 416.42871920763656 2507.049509271968 918.90674303651838
decision_type=2 2 2 2 2 2 2 2 2 2 2 2 2 2
left_child=1 6 4 8 9 12 11 -5 -3 -2 -6 -1 -4 -8
right_child=2 3 5 7 10 -7 13 -9 -10 -11 -12 -13 -14 -15
leaf_value=-61.162576541134889 41.469612679287884 -18.402865232435854 102.32342733296838 22.706264865983297 81.904728777198656 162.44650479960671 -32.348400920860975 153.04490177946272 6.2440112641875398 67.132943223766162 118.06596175936696 -49.83379037153091 131.68865403772392 -3.060061058518607
leaf_weight=3810 2080 3178 728 2990 1674 1360 1647 52 1819 835 318 9016 721 357
leaf_count=3810 2080 3178 728 2990 1674 1360 1647 52 1819 835 318 9016 721 357
internal_value=0.00252479 -30.9559 91.7504 3.59294 64.6444 139.061 -49.6829 24.9838 -9.43149 48.8414 87.7338 -53.2035 117.016 -27.135
internal_weight=30585 22869 7716 8039 4907 2809 14830 3042 4997 2915 1992 12826 1449 2004
internal_count=30585 22869 7716 8039 4907 2809 14830 3042 4997 2915 1992 12826 1449 2004
is_linear=0
shrinkage=0.1


Tree=2
num_leaves=15
num_cat=0
split_feature=4 5 5 4 4 5 5 5 4 1 4 4 5 0
split_gain=7.04827e+09 1.23204e+09 7.21083e+08 2.34522e+08 2.06602e+08 1.26648e+08 6.14418e+07 6.13901e+07 4.85608e+07 4.85031e+07 2.836e+07 2.67798e+07 2.50524e+07 2.44697e+07
threshold=1234.7430767968854 1950.5840221573269 598.93948057395687 2626.1050338120644 1658.6664974867074 1049.3359823433866 2019.4196213484609 2475.030458788719 503.47563956699781 0.18311622431001986 737.99007240261528 313.36243140441212 1426.8210489660182 0.46354000387391053
decision_type=2 2 2 2 2 2 2 2 2 2 2 2 2 2
left_child=2 4 8 7 12 10 -7 -3 11 -6 -4 -1 -2 -5
right_child=1 3 5 13 9 6 -8 -9 -10 -11 -12 -13 -14 -15
leaf_value=-61.554361936244618 21.198532996695032 82.466835799629308 -28.263602721879501 149.2079454916495 69.298339954443534 8.0895144288923024 67.931380682960551 116.3738444991089 -32.324097596533782 14.426261698691683 -10.7650195412418 -46.860496263443636 38.319648538910961 95.261561557224823
leaf_weight=1421 2493 1538 1328 1349 2117 2086 186 835 2170 175 3064 10421 1305 97
leaf_count=1421 2493 1538 1328 1349 2117 2086 186 835 2170 175 3064 10421 1305 97
internal_value=0.0046336 69.344 -33.2281 113.867 41.4099 -6.14721 13.0163 94.4419 -46.1062 65.1168 -16.0613 -48.6288 27.0899 145.657
internal_weight=30585 9909 20676 3819 6090 6664 2272 2373 14012 2292 4392 11842 3798 1446
internal_count=30585 9909 20676 3819 6090 6664 2272 2373 14012 2292 4392 11842 3798 1446
is_linear=0
shrinkage=0.1


Tree=3
num_leaves=15
num_cat=0
split_feature=2 2 2 2 2 2 3 0 1 0 0 1 0 9
split_gain=5.62688e+09 8.51361e+08 6.67766e+08 1.39165e+08 1.25362e+08 6.68671e+07 5.32121e+07 4.15495e+07 4.15435e+07 3.85532e+07 2.81979e+07 2.81664e+07 1.94599e+07 1.70327e+07
threshold=1.0660977007725549 1.7263873213943486 0.58230566924780902 1.342247683271232 2.1661870192782646 0.79789742520144624 299.99999999999972 0.46462162509319233 0.21364731160036707 0.38968291149929729 0.48170589843767903 0.1969881678844059 0.4805678920291892 0.81174490092936691
decision_type=2 2 2 2 2 2 2 2 2 2 2 2 2 2
left_child=2 3 6 11 8 -4 10 -6 -3 -5 -1 -2 -8 -7
right_child=1 4 5 9 7 13 12 -9 -10 -11 -12 -13 -14 -15
leaf_value=-37.900016358067425 30.384544882743821 88.945126542848342 -10.630770870679228 71.975147044309196 130.96045816046851 6.6957403857898585 27.794961629513985 76.746134574281655 -11.53900769477667 48.393307227100436 -47.505875046213703 -10.200190275449019 -22.99205977901336 28.43244494121716
leaf_weight=10167 2966 1611 3528 1227 1469 2482 146 162 42 1624 4405 181 154 421
leaf_count=10167 2966 1611 3528 1227 1469 2482 146 162 42 1624 4405 181 154 421
internal_value=0.00574897 64.9816 -28.3068 42.5603 105.907 -1.38246 -39.9486 125.626 86.3866 58.564 -40.8069 28.0478 1.73452 9.85675
internal_weight=30585 9282 21303 5998 3284 6431 14872 1631 1653 2851 14572 3147 300 2903
internal_count=30585 9282 21303 5998 3284 6431 14872 1631 1653 2851 14572 3147 300 2903
is_linear=0
shrinkage=0.1


Tree=4
num_leaves=15
num_cat=0
split_feature=4 5 5 4 4 5 4 4 1 1 1 5 4 4
split_gain=4.66536e+09 8.33041e+08 5.43428e+08 1.53377e+08 1.04039e+08 7.98629e+07 6.79015e+07 4.22347e+07 3.7486e+07 3.52276e+07 2.93543e+07 2.78323e+07 2.43865e+07 1.96029e+07
threshold=1426.8210489660182 846.87044976825905 2231.5016179326008 553.2163897711697 1873.4163097475914 2019.4196213484609 2863.635411009132 968.67081498696814 0.1969881678844059 0.18946953262365177 0.14429117344799927 2803.4179486041867 394.15101217318721 925.80624981146082
decision_type=2 2 2 2 2 2 2 2 2 2 2 2 2 2
left_child=1 3 4 12 10 7 9 -3 -6 -4 -2 -7 -1 -5
right_child=2 5 6 13 8 11 -8 -9 -10 -11 -12 -13 -14 -15
leaf_value=-46.402891934460357 41.44186471492398 -4.0815326407547703 96.277801335958657 -19.686426659193927 67.918692952765042 47.081027422584071 125.94168916650391 13.864368884414404 0.16150260193403376 36.434653471575842 16.719942962948871 128.72608573481722 -36.403951757295488 -1.0552606649724139
leaf_weight=3274 2237 2060 1499 3310 2074 210 983 3606 85 107 614 52 9793 681
leaf_count=3274 2237 2060 1499 3310 2074 210 983 3606 85 107 614 52 9793 681
internal_value=0.00638201 -22.45 67.928 -33.672 48.6879 9.84202 105.127 7.34017 65.2524 92.3159 36.1254 63.7132 -38.9126 -16.5084
internal_weight=30585 22986 7599 17058 5010 5928 2589 5666 2159 1606 2851 262 13067 3991
internal_count=30585 22986 7599 17058 5010 5928 2589 5666 2159 1606 2851 262 13067 3991
is_linear=0
shrinkage=0.1


Tree=5
num_leaves=15
num_cat=0
split_feature=5 5 2 2 5 2 1 11 5 2 1 5 1 5
split_gain=3.78232e+09 6.37282e+08 4.53406e+08 1.31969e+08 1.07906e+08 6.2166e+07 5.97265e+07 5.22861e+07 4.559e+07 3.70385e+07 2.77091e+07 1.96616e+07 1.83025e+07 1.28551e+07
threshold=1274.0841273047001 2111.7118711774119 0.61353214931582178 1.342247683271232 2803.4179486041867 0.90598827827926787 0.11658082995994952 1.0000000180025095e-35 540.38965734328144 1.9359241252115558 0.17248759455961213 345.30973808767914 0.12164037820727351 910.35760903550988
decision_type=2 2 2 2 2 2 2 2 2 2 2 2 2 2
left_child=2 3 8 7 6 13 -3 -2 11 -5 -7 -1 -6 -4
right_child=1 4 5 9 12 10 -8 -9 -10 -11 -12 -13 -14 -15
leaf_value=-43.935910389298471 24.144195321084233 85.185486105651478 -13.059990630693363 45.388876699065023 117.80429257688523 14.06468708493005 46.910383091496357 -27.118436990144119 -19.143892432647444 77.584962898464966 -24.445602975807756 -33.433200326163529 87.305200460172244 -0.32329948122193675
leaf_weight=2156 3281 1397 2609 2256 999 2359 582 211 2055 427 202 10648 265 1138
leaf_count=2156 3281 1397 2609 2256 999 2359 582 211 2055 427 202 10648 265 1138
internal_value=0.00727054 52.7239 -23.4498 33.8635 88.6145 -0.986624 73.9586 21.0398 -32.9852 50.5399 11.0188 -35.205 111.484 -9.19285
internal_weight=30585 9418 21167 6175 3243 6308 1979 3492 14859 2683 2561 12804 1264 3747
internal_count=30585 9418 21167 6175 3243 6308 1979 3492 14859 2683 2561 12804 1264 3747
is_linear=0
shrinkage=0.1


Tree=6
num_leaves=15
num_cat=0
split_feature=4 5 4 5 5 0 1 5 4 4 5 1 4 5
split_gain=3.10124e+09 4.81843e+08 4.11524e+08 8.47607e+07 7.98864e+07 6.66593e+07 6.01052e+07 4.33432e+07 4.04949e+07 3.82729e+07 3.35918e+07 2.00884e+07 1.85258e+07 1.4924e+07
threshold=1386.0171818619581 691.30499012125676 2148.5964702371089 1743.9111632769943 1222.0183875528421 0.44072558017973784 0.14844847440593664 2803.4179486041867 2970.0870861186709 484.94625444775869 2536.291659429196 0.17248759455961213 942.61101605018291 303.37034084237683
decision_type=2 2 2 2 2 2 2 2 2 2 2 2 2 2
left_child=1 9 3 11 12 8 -7 -6 -4 13 -5 -2 -3 -1
right_child=2 4 5 10 7 6 -8 -9 -10 -11 -12 -13 -14 -15
leaf_value=-43.155586484263338 27.402670801671213 -10.824527321269805 81.71240186928901 46.181185836713865 13.425756092434197 67.055512933621102 -19.750724886788262 105.65465915386494 111.18552959006175 -21.771042512506561 86.274875458216272 0.44730264584151097 2.0385466897139461 -31.589769068723001
leaf_weight=1278 2703 3178 1484 1952 2604 736 89 51 699 4280 235 308 1728 9260
leaf_count=1278 2703 3178 1484 1952 2604 736 89 51 699 4280 235 308 1728 9260
internal_value=0.00764508 -19.2748 52.5896 35.5429 1.26707 82.0256 57.6784 15.2365 91.1963 -29.7558 50.5268 24.6464 -6.29438 -32.9964
internal_weight=30585 22379 8206 5198 7561 3008 825 2655 2183 14818 2187 3011 4906 10538
internal_count=30585 22379 8206 5198 7561 3008 825 2655 2183 14818 2187 3011 4906 10538
is_linear=0
shrinkage=0.1


Tree=7
num_leaves=15
num_cat=0
split_feature=4 5 5 4 4 1 5 5 1 1 1 1 4 12
split_gain=2.51808e+09 4.41741e+08 2.93269e+08 9.85451e+07 6.02798e+07 4.70252e+07 4.56635e+07 4.49413e+07 3.31384e+07 2.74637e+07 2.73361e+07 2.16757e+07 1.91041e+07 8.92831e+06
threshold=1426.8210489660182 910.35760903550988 2231.5016179326008 634.69102500918314 2084.4454757204603 0.21364731160036707 3005.0980100075335 1720.0260074008504 0.17248759455961213 0.13921441832033407 0.16073202496419656 0.19305214367951343 431.32321617327807 6.3173413000000007
decision_type=2 2 2 2 2 2 2 2 2 2 2 2 2 2
left_child=1 3 4 12 10 6 -4 8 -3 -9 -2 -6 -1 -5
right_child=2 7 5 13 11 -7 -8 9 -10 -11 -12 -13 -14 -15
leaf_value=-33.592582096113368 33.017894279977376 8.1165133273579517 70.946624512110233 -1.0108535179772664 57.993782476317158 -33.917020955838659 101.82127250224535 55.114137449689736 -21.316233505731837 9.6947468638931742 8.688628326499904 -9.0822509915220984 -25.527080482123861 -12.41060745748128
leaf_weight=4234 3261 4399 1901 914 1160 37 651 313 418 232 539 50 9708 2768
leaf_count=4234 3261 4399 1901 914 1160 37 651 313 418 232 539 50 9708 2768
internal_value=0.00823511 -16.4898 49.9083 -24.136 35.7741 77.2352 78.8594 8.64178 5.55856 35.8328 29.5702 55.2168 -27.9787 -9.58184
internal_weight=30585 22986 7599 17624 5010 2589 2552 5362 4817 545 3800 1210 13942 3682
internal_count=30585 22986 7599 17624 5010 2589 2552 5362 4817 545 3800 1210 13942 3682
is_linear=0
shrinkage=0.1


Tree=8
num_leaves=15
num_cat=0
split_feature=5 4 4 11 4 5 4 3 5 0 4 5 4 5
split_gain=2.06165e+09 3.77756e+08 2.57e+08 7.18115e+07 5.90104e+07 5.15087e+07 3.44236e+07 2.56915e+07 2.37068e+07 1.62835e+07 1.1517e+07 1.12699e+07 1.03205e+07 9.74706e+06
threshold=1426.8210489660182 737.99007240261528 2231.5016179326008 1.0000000180025095e-35 1234.7430767968854 1769.3285804849877 2970.0870861186709 -0.99500000000000444 454.70337632242178 0.41577432758218852 1543.9451096952896 937.00950936752349 297.43633755801244 833.07698719773896
decision_type=2 2 2 2 2 2 2 2 2 2 2 2 2 2
left_child=1 8 3 5 11 -2 9 -5 12 -4 -6 -3 -1 -10
right_child=2 4 6 7 10 -7 -8 -9 13 -11 -12 -13 -14 -15
leaf_value=-38.400862221664909 23.032107522601837 -7.8396806934044818 70.896892903985076 -63.569037013583717 9.8849836094120782 43.998578959781298 88.280037778569991 3.6613294121526909 -21.935775988503721 51.532748194974886 23.882265946964299 2.0673256364924764 -27.224604768738448 -9.8710516586747516
leaf_weight=990 2139 3091 1086 89 2285 2602 777 154 8046 752 792 1826 5223 733
leaf_count=990 2139 3091 1086 89 2285 2602 777 154 8046 752 792 1826 5223 733
internal_value=0.0080934 -14.92 45.1598 31.8281 2.6357 34.546 70.547 -21.1218 -24.2806 63.0066 13.4944 -4.1609 -29.0114 -20.9297
internal_weight=30585 22986 7599 4984 7994 4741 2615 243 14992 1838 3077 4917 6213 8779
internal_count=30585 22986 7599 4984 7994 4741 2615 243 14992 1838 3077 4917 6213 8779
is_linear=0
shrinkage=0.1


Tree=9
num_leaves=15
num_cat=0
split_feature=5 5 5 11 5 5 0 3 0 3 5 5 0 12
split_gain=1.6724e+09 2.95415e+08 1.86812e+08 5.99772e+07 4.82716e+07 3.73525e+07 3.29523e+07 2.33212e+07 1.45416e+07 1.41473e+07 1.317e+07 1.19513e+07 9.73987e+06 8.70964e+06
threshold=1468.1825736499293 598.93948057395687 2507.049509271968 1.0000000180025095e-35 964.05262549549161 1769.3285804849877 0.43851238162301731 -0.99500000000000444 0.52982324998091113 178.04999999999998 3005.0980100075335 446.1872835029489 0.56432041997074134 7.3876658500000003
decision_type=2 2 2 2 2 2 2 2 2 2 2 2 2 2
left_child=1 9 3 5 13 -2 10 -5 -8 11 -4 -1 -6 -3
right_child=2 4 6 7 12 -7 8 -9 -10 -11 -12 -13 -14 -15
leaf_value=-26.108934203926225 23.392827591713935 -0.4553971610080102 67.758286658414278 -57.179645849644459 8.7526066537768656 41.51825701095207 47.953598864084441 6.904325108411836 -37.960765711466472 -2.1465729304098748 87.029030738910819 -20.070492516246258 -20.591261914115531 -9.7304343430991462
leaf_weight=5351 1799 1568 921 86 4671 3113 402 163 20 354 617 8548 115 2857
leaf_count=5351 1799 1568 921 86 4671 3113 402 163 20 354 617 8548 115 2857
internal_value=0.00776925 -12.8745 42.4513 32.4589 1.08331 34.886 68.7329 -15.3693 43.8017 -21.8942 75.5407 -22.397 8.04337 -6.44467
internal_weight=30585 23464 7121 5161 9211 4912 1960 249 422 14253 1538 13899 4786 4425
internal_count=30585 23464 7121 5161 9211 4912 1960 249 422 14253 1538 13899 4786 4425
is_linear=0
shrinkage=0.1


Tree=10
num_leaves=15
num_cat=0
split_feature=4 5 4 5 4 5 1 1 5 1 1 1 5 1
split_gain=1.37581e+09 2.57205e+08 1.34138e+08 6.21713e+07 3.59007e+07 3.49214e+07 2.9092e+07 2.60556e+07 2.20425e+07 1.71012e+07 1.62857e+07 1.41348e+07 1.32437e+07 1.28817e+07
threshold=1234.7430767968854 1873.4163097475914 634.69102500918314 2626.1050338120644 1786.1298771869133 1482.3342046304681 0.21364731160036707 0.082850065348742216 2032.726412708347 0.18311622431001986 0.12907691640303154 0.12613978437322179 439.60165944303247 0.11194166193044565
decision_type=2 2 2 2 2 2 2 2 2 2 2 2 2 2
left_child=2 4 8 7 13 10 -5 -3 12 -6 -4 -7 -1 -2
right_child=1 3 5 6 9 11 -8 -9 -10 -11 -12 -13 -14 -15
leaf_value=-24.651380663317283 15.860226807592936 49.306034310608482 -1.6972215289227568 66.833353173150684 33.298812380197113 42.125805838066242 -49.824656191739173 29.450207808000552 42.725334887845179 -6.1815651571750649 -14.743017514115223 5.9980772050527431 -18.124921492662718 4.0322038115511889
leaf_weight=4562 2838 1421 4562 1535 1363 227 21 1248 55 119 1210 207 9853 1364
leaf_count=4562 2838 1421 4562 1535 1363 227 21 1248 55 119 1210 207 9853 1364
internal_value=0.00734888 30.6423 -14.6753 49.3271 16.7474 -2.37569 65.2279 40.0361 -19.9499 30.1266 -4.43413 24.9478 -20.192 12.0226
internal_weight=30585 9909 20676 4225 5684 6206 1556 2669 14470 1482 5772 434 14415 4202
internal_count=30585 9909 20676 4225 5684 6206 1556 2669 14470 1482 5772 434 14415 4202
is_linear=0
shrinkage=0.1


Tree=11
num_leaves=15
num_cat=0
split_feature=4 4 4 1 5 5 1 0 5 9 1 1 4 0
split_gain=1.11986e+09 2.13995e+08 1.22154e+08 3.48577e+07 3.03473e+07 2.77395e+07 2.74758e+07 2.26965e+07 2.24419e+07 2.19146e+07 1.58305e+07 1.261e+07 1.04452e+07 9.42688e+06
threshold=1468.1825736499293 815.98044770064791 2273.1114059773076 0.21364731160036707 1317.5944467224513 540.38965734328144 0.1969881678844059 0.45257025101786091 2536.291659429196 0.81174490092936691 0.22920403930075578 0.16623843604882318 304.3907199453833 0.48949660057057454
decision_type=2 2 2 2 2 2 2 2 2 2 2 2 2 2
left_child=1 5 6 7 11 12 8 -4 -2 -7 -6 -3 -1 -8
right_child=2 4 3 -5 10 9 13 -9 -10 -11 -12 -13 -14 -15
leaf_value=-27.481750319503586 24.624753052961442 1.1212051148938982 57.970428123702746 -49.303971907671759 15.329752316923937 -13.463194505237722 4.1347539705647662 35.479145537036132 55.054968272673115 5.2213398260557744 -44.674002740648064 -17.497447884920515 -18.024746873816209 -39.720270086737244
leaf_weight=1302 3962 4739 2043 33 2026 2469 175 583 258 841 44 393 11650 67
leaf_count=1302 3962 4739 2043 33 2026 2469 175 583 258 841 44 393 11650 67
internal_value=0.00718431 -10.5344 34.7387 51.7049 3.81558 -16.8894 24.6188 52.9925 26.4978 -8.71571 14.0334 -0.307711 -18.9775 -8.12042
internal_weight=30585 23464 7121 2659 7202 16262 4462 2626 4220 3310 2070 5132 12952 242
internal_count=30585 23464 7121 2659 7202 16262 4462 2626 4220 3310 2070 5132 12952 242
is_linear=0
shrinkage=0.1


Tree=12
num_leaves=15
num_cat=0
split_feature=4 5 4 4 1 11 1 1 0 5 0 4 2 4
split_gain=9.10152e+08 1.96047e+08 8.50635e+07 3.63975e+07 2.93722e+07 2.92974e+07 2.99785e+07 2.76956e+07 1.95038e+07 1.85688e+07 1.46976e+07 1.31853e+07 1.10328e+07 8.9927e+06
threshold=1543.9451096952896 910.35760903550988 2475.030458788719 520.53403998596036 0.13815152223009083 1.0000000180025095e-35 0.22920403930075578 0.11658082995994952 0.42961545902127568 2507.049509271968 0.500125866907425 3005.0980100075335 0.62611208124974138 281.04718562976774
decision_type=2 2 2 2 2 2 2 2 2 2 2 2 2 2
left_child=1 3 4 13 9 6 -3 11 -9 -2 -6 -4 -7 -1
right_child=2 5 7 -5 10 12 -8 8 -10 -11 -12 -13 -14 -15
leaf_value=-26.710737312147035 26.781617787299297 8.6684312812191049 49.570512760805116 -7.1720277832764143 14.219056769667805 -47.404414244948839 -38.153606853485108 39.909723459084226 -8.043273224830628 50.154777064997489 -21.992704905155009 69.005219495726266 -8.6472605820008148 -16.488942871030044
leaf_weight=931 3217 5928 1109 5010 714 121 139 327 114 381 132 526 186 11750
leaf_count=931 3217 5928 1109 5010 714 121 139 327 114 381 132 526 186 11750
internal_value=0.00642912 -8.9729 33.145 -14.3904 25.3282 6.06325 7.58959 49.8577 27.5236 29.2699 8.5497 55.8613 -24.0272 -17.2414
internal_weight=30585 24065 6520 17691 4444 6374 6067 2076 441 3598 846 1635 307 12681
internal_count=30585 24065 6520 17691 4444 6374 6067 2076 441 3598 846 1635 307 12681
is_linear=0
shrinkage=0.1


Tree=13
num_leaves=15
num_cat=0
split_feature=5 4 4 1 9 1 4 4 1 5 1 9 4 0
split_gain=7.54312e+08 1.48391e+08 8.7285e+07 3.27832e+07 3.19214e+07 2.35773e+07 2.16278e+07 1.94171e+07 1.49526e+07 1.31679e+07 7.43676e+06 6.57435e+06 6.44479e+06 5.20275e+06
threshold=1468.1825736499293 799.63361735704586 2131.9594740145162 0.22920403930075578 0.81174490092936691 0.21364731160036707 1053.7360194662817 2895.5032941072968 0.11824496080429213 481.44663607983904 0.14699110845276478 0.81174490092936691 304.3907199453833 0.490736232426986
decision_type=2 2 2 2 2 2 2 2 2 2 2 2 2 2
left_child=1 9 3 4 -2 7 10 -4 -8 12 -3 -11 -1 -5
right_child=2 6 5 13 -6 -7 8 -9 -10 11 -12 -13 -14 -15
leaf_value=-23.182760813881142 16.478401840815689 -1.7440062361736492 36.794310214373262 -9.1237324546683922 39.531933182225181 -38.921126674943508 10.709234625652817 54.134531957239908 -1.9830654788724993 -12.008585418911002 -15.974390596544968 -3.3785999574218941 -15.420918523150561 -60.163703370527791
leaf_weight=1219 3392 2746 1882 32 730 35 3267 996 1296 4423 423 1104 8986 54
leaf_count=1219 3392 2746 1882 32 730 35 3267 996 1296 4423 423 1104 8986 54
internal_value=0.00605983 -8.64557 28.5108 19.2917 20.5697 41.817 2.69776 42.812 7.10468 -14.2204 -3.64793 -10.2857 -16.3503 -41.4953
internal_weight=30585 23464 7121 4208 4122 2913 7732 2878 4563 15732 3169 5527 10205 86
internal_count=30585 23464 7121 4208 4122 2913 7732 2878 4563 15732 3169 5527 10205 86
is_linear=0
shrinkage=0.1


Tree=14
num_leaves=15
num_cat=0
split_feature=5 4 5 11 4 4 4 0 3 13 7 5 0 8
split_gain=6.16385e+08 1.47884e+08 5.54611e+07 2.76745e+07 1.82463e+07 1.67793e+07 1.45898e+07 1.44464e+07 1.31635e+07 9.86158e+06 7.33099e+06 6.99445e+06 6.44914e+06 4.66413e+06
threshold=1627.7543623828017 846.02616720165054 2626.1050338120644 1.0000000180025095e-35 2131.9594740145162 481.48857254716626 1386.0171818619581 0.46891134624608977 -1.0000000180025095e-35 12.187840500000002 -0.37940952255126009 3005.0980100075335 0.57606108203715645 -1.0000000180025095e-35
decision_type=2 2 2 2 2 2 2 2 2 2 2 2 2 2
left_child=1 5 3 4 -2 12 9 11 -5 -3 -8 -4 -1 -7
right_child=2 6 7 8 -6 13 10 -9 -10 -11 -12 -13 -14 -15
leaf_value=-14.114321750607795 19.705084639811329 -3.1584643546281796 41.104736324082509 -52.07070005478397 33.494601399692435 -11.338774552948321 3.7580699056133668 14.467252044419986 3.6320533254080347 5.9662391158389418 14.314917660080116 55.208176126320922 -24.889504291482787 -5.9739848521010588
leaf_weight=9781 2771 2464 807 61 1474 2847 1058 147 134 2279 1742 658 590 3772
leaf_count=9781 2771 2464 807 61 1474 2847 1058 147 134 2279 1742 658 590 3772
internal_value=0.00537451 -7.04576 28.585 22.8077 24.5 -12.2187 4.60606 44.4736 -13.9697 1.22627 10.3287 47.4726 -14.7297 -8.28288
internal_weight=30585 24533 6052 4440 4245 16990 7543 1612 195 4743 2800 1465 10371 6619
internal_count=30585 24533 6052 4440 4245 16990 7543 1612 195 4743 2800 1465 10371 6619
is_linear=0
shrinkage=0.1


Tree=15
num_leaves=15
num_cat=0
split_feature=5 5 2 1 0 1 13 5 1 12 0 5 0 2
split_gain=4.99817e+08 8.8146e+07 5.05799e+07 3.84825e+07 2.98049e+07 2.69932e+07 1.77377e+07 1.72901e+07 1.48209e+07 1.24749e+07 1.03509e+07 7.88721e+06 6.42171e+06 4.92506e+06
threshold=1274.0841273047001 2148.5964702371089 0.61353214931582178 0.11194166193044565 0.46247628993629081 0.13815152223009083 8.3599170000000012 1627.7543623828017 0.090513131075907902 6.8450907500000007 0.51278855121779865 464.29001529983174 0.4805678920291892 0.060841725232787365
decision_type=2 2 2 2 2 2 2 2 2 2 2 2 2 2
left_child=2 5 11 10 -5 7 -7 -2 9 -4 -3 13 -10 -1
right_child=1 3 8 4 -6 6 -8 -9 12 -11 -12 -13 -14 -15
leaf_value=-27.71634501199874 10.336578889421496 42.100804912584863 10.40273102473591 24.450194602889173 -22.71702622303706 16.476981655602991 -7.1117271799601758 22.160644144888401 -4.072490660994422 -1.523434504261342 12.768067142596612 -9.3294904808343997 -15.840997986655589 -13.472459611830491
leaf_weight=251 2564 2034 1418 679 166 471 981 2394 1990 2296 129 7205 604 7403
leaf_count=251 2564 2034 1418 679 166 471 981 2394 1990 2296 129 7205 604 7403
internal_value=0.00509899 19.1686 -8.52196 33.2893 15.1683 12.5381 0.546056 16.0492 -1.01918 3.03153 40.3581 -11.7068 -6.81778 -13.9431
internal_weight=30585 9418 21167 3008 845 6410 1452 4958 6308 3714 2163 14859 2594 7654
internal_count=30585 9418 21167 3008 845 6410 1452 4958 6308 3714 2163 14859 2594 7654
is_linear=0
shrinkage=0.1


Tree=16
num_leaves=15
num_cat=0
split_feature=4 5 1 4 11 1 1 4 6 5 4 4 12 6
split_gain=4.06835e+08 8.56981e+07 4.14178e+07 3.09131e+07 2.16948e+07 1.99907e+07 1.73137e+07 1.61439e+07 1.20164e+07 1.10246e+07 8.51997e+06 6.80556e+06 6.65472e+06 6.378e+06
threshold=1543.9451096952896 910.35760903550988 0.10592229655737891 2536.291659429196 1.0000000180025095e-35 0.22920403930075578 0.21364731160036707 786.15894839621672 -0.70710678118654735 2507.049509271968 661.82619661890294 453.64685489948243 9.9015710000000023 -0.78656609248549292
decision_type=2 2 2 2 2 2 2 2 2 2 2 2 2 2
left_child=1 7 3 9 5 -3 8 11 -4 -2 -6 -1 -8 -5
right_child=2 4 6 13 10 -7 12 -9 -10 -11 -12 -13 -14 -15
leaf_value=-13.448816647900784 19.694764228392941 6.1373486738343495 23.888569067774121 49.450230415678725 -43.65740620127896 -32.096517465114594 -35.401153310437074 -2.522928323560564 7.2881088316693141 37.815254360777111 -9.1470749590947076 -9.1029744981551772 22.163328765869142 35.005158357496555
leaf_weight=6089 2668 5928 657 478 113 139 106 2740 1297 385 194 8862 24 905
leaf_count=6089 2668 5928 657 478 113 139 106 2740 1297 385 194 8862 24 905
internal_value=0.00470975 -5.99867 22.1604 27.623 3.94262 5.25623 10.5251 -9.58051 12.8791 21.9915 -21.9501 -10.8737 -24.6858 40.0299
internal_weight=30585 24065 6520 4436 6374 6067 2084 17691 1954 3053 307 14951 130 1383
internal_count=30585 24065 6520 4436 6374 6067 2084 17691 1954 3053 307 14951 130 1383
is_linear=0
shrinkage=0.1


Tree=17
num_leaves=15
num_cat=0
split_feature=4 4 4 3 8 3 9 7 4 3 6 8 8 8
split_gain=3.29781e+08 7.37021e+07 2.86188e+07 1.36932e+07 1.21233e+07 9.52792e+06 9.43204e+06 1.29474e+07 1.07542e+07 9.01141e+06 7.59994e+06 7.47864e+06 6.80456e+06 4.87842e+06
threshold=1603.25204566808 822.73278426324293 2536.291659429196 199.00000000000009 -0.60785761079279388 -999.99999999999977 0.81174490092936691 1.0000000180025095e-35 281.04718562976774 417.00500000000005 -0.70710678118654735 -1.0000000180025095e-35 -0.60785761079279388 -0.60785761079279388
decision_type=2 2 2 2 2 2 2 2 2 2 2 2 2 2
left_child=1 6 3 12 5 -3 8 -8 -1 -6 -4 -5 -2 -12
right_child=2 4 10 11 9 -7 7 -9 -10 -11 13 -13 -14 -15
leaf_value=-22.017439927200009 3.6119459572788153 -44.715946911898527 38.666486345829505 16.375483874996799 3.9091090573576737 -2.5724019393064714 2.6412203551125142 -11.29059130474435 -9.4636930613398231 18.691812047542342 14.486197394559817 30.038089828370374 14.902569967249299 29.724123853682251
leaf_weight=720 732 54 774 775 5341 2190 1477 1215 12973 446 292 840 1978 778
leaf_count=720 732 54 774 775 5341 2190 1477 1215 12973 446 292 840 1978 778
internal_value=0.00442209 -5.21522 20.6605 16.2065 2.63224 -3.60602 -9.06153 -3.64858 -10.1253 5.05143 31.0927 23.4959 11.8553 25.5831
internal_weight=30585 24416 6169 4325 8031 2244 16385 2692 13693 5787 1844 1615 2710 1070
internal_count=30585 24416 6169 4325 8031 2244 16385 2692 13693 5787 1844 1615 2710 1070
is_linear=0
shrinkage=0.1


Tree=18
num_leaves=15
num_cat=0
split_feature=2 2 2 1 1 3 0 8 0 1 0 3 2 3
split_gain=2.53713e+08 4.69386e+07 2.99402e+07 2.0192e+07 1.49812e+07 1.43744e+07 1.31034e+07 1.20143e+07 9.85755e+06 8.92802e+06 7.4996e+06 1.0472e+07 5.77083e+06 4.77228e+06
threshold=1.0660977007725549 1.6073739134340836 0.57151467818965018 0.21364731160036707 0.16623843604882318 269.00500000000005 0.47344484209981913 -1.0000000180025095e-35 0.46567397786348458 0.15497246883075538 0.49533641361319886 249.98999999999992 0.027067348678601878 961.81500000000017
decision_type=2 2 2 2 2 2 2 2 2 2 2 2 2 2
left_child=2 4 10 6 5 -2 -3 9 -6 -4 11 -1 -12 -9
right_child=1 3 7 -5 8 -7 -8 13 -10 -11 12 -13 -14 -15
leaf_value=-7.6033072692043708 6.3550939618078193 25.500468416578585 -3.2052914460887578 -29.025192088585399 0.92016582451760776 19.718131484077023 11.001647557091037 2.8262772923011679 -26.99581795786013 -19.928057501786721 -29.243445320581039 17.863877805994779 -11.501130653424703 34.240640828074241
leaf_weight=10776 3513 3267 2505 76 431 1044 773 3753 178 365 193 163 3500 48
leaf_count=10776 3513 3267 2505 76 431 1044 773 3753 178 365 193 163 3500 48
internal_value=0.00425122 13.8014 -6.00771 21.7673 7.45162 9.42019 22.7297 -0.45541 -7.27007 -5.33825 -8.53891 -7.22223 -12.436 3.23189
internal_weight=30585 9282 21303 4116 5166 4557 4040 6671 609 2870 14632 10939 3693 3801
internal_count=30585 9282 21303 4116 5166 4557 4040 6671 609 2870 14632 10939 3693 3801
is_linear=0
shrinkage=0.1


Tree=19
num_leaves=15
num_cat=0
split_feature=5 4 1 0 5 1 9 1 5 1 0 9 0 4
split_gain=2.35163e+08 5.38282e+07 3.25514e+07 2.4842e+07 1.37166e+07 1.30575e+07 9.41904e+06 9.14619e+06 1.5564e+07 8.8029e+06 6.84528e+06 6.45448e+06 6.32161e+06 6.29992e+06
threshold=1627.7543623828017 942.61101605018291 0.08601658294058849 0.49895931004234334 2507.049509271968 0.17754724334573557 0.81174490092936691 0.079306453220254175 887.63544884768805 0.15364126980085169 0.38350168731872825 0.81174490092936691 0.4805678920291892 1786.1298771869133
decision_type=2 2 2 2 2 2 2 2 2 2 2 2 2 2
left_child=1 7 4 6 11 13 -4 8 -1 -5 -7 -2 -9 -3
right_child=2 5 3 9 -6 10 -8 12 -10 -11 -12 -13 -14 -15
leaf_value=-6.2194531295222095 17.277698082051288 3.6863339508732014 10.731475225223264 0.47533635723878415 33.084786821210763 5.3477859911322598 28.216537982076819 -7.9893298961292984 9.5662537935769372 -31.750758179828264 -19.645824928351814 33.669963452390263 -14.435430139871208 13.935979575182484
leaf_weight=9849 1762 5207 2128 170 1185 159 360 5523 666 168 349 279 2103 677
leaf_count=9849 1762 5207 2128 170 1185 159 360 5523 666 168 349 279 2103 677
internal_value=0.00379641 -4.35149 17.6566 9.81567 24.5202 3.53928 13.2718 -7.13186 -5.2188 -15.5888 -11.8279 19.5339 -9.76861 4.8678
internal_weight=30585 24533 6052 2826 3226 6392 2488 18141 10515 338 508 2041 7626 5884
internal_count=30585 24533 6052 2826 3226 6392 2488 18141 10515 338 508 2041 7626 5884
is_linear=0
shrinkage=0.1


Tree=20
num_leaves=15
num_cat=0
split_feature=5 5 1 4 13 1 4 13 1 1 4 5 1 8
split_gain=1.92011e+08 3.78587e+07 2.24362e+07 1.96023e+07 1.93997e+07 1.24888e+07 1.09851e+07 9.16422e+06 9.59132e+06 6.44377e+06 6.34757e+06 4.14054e+06 2.69364e+06 1.84221e+06
threshold=1274.0841273047001 2626.1050338120644 0.11194166193044565 503.47563956699781 8.3036965000000027 0.22031234280403358 2199.3054585573159 12.373853500000001 0.16823590160644428 0.088007345739668272 1090.1199783712404 303.37034084237683 0.079306453220254175 -0.60785761079279388
decision_type=2 2 2 2 2 2 2 2 2 2 2 2 2 2
left_child=3 2 6 11 -4 10 -2 8 -5 -9 -3 13 -13 -1
right_child=1 5 4 7 -6 -7 -8 9 -10 -11 -12 12 -14 -15
leaf_value=-17.568559908866884 10.475544250425862 68.114763829514786 13.186735391279104 -2.7998148798164157 -4.7107872592718421 -41.805707069679549 21.849406681975655 8.4017933315192277 -19.844887962672637 -1.7480989271780936 25.965117355103189 -5.9448848661731697 -9.1454660152998066 -9.9304981355681221
leaf_weight=559 4070 36 930 6120 1732 26 1074 1270 348 1231 1550 6445 4455 739
leaf_count=559 4070 36 930 6120 1732 26 1074 1270 348 1231 1550 6445 4455 739
internal_value=0.00366509 11.8814 8.99796 -5.28148 1.54452 25.8298 12.854 -1.73228 -3.71982 3.40728 26.9642 -7.8908 -7.25373 -13.2309
internal_weight=30585 9418 7806 21167 2662 1612 5144 8969 6468 2501 1586 12198 10900 1298
internal_count=30585 9418 7806 21167 2662 1612 5144 8969 6468 2501 1586 12198 10900 1298
is_linear=0
shrinkage=0.1


Tree=21
num_leaves=15
num_cat=0
split_feature=2 2 3 0 7 8 7 13 11 8 9 2 2 3
split_gain=1.36213e+08 3.09192e+07 1.29034e+07 1.2597e+07 1.70767e+07 9.8923e+06 1.11291e+07 9.51428e+06 9.26314e+06 8.06574e+06 6.79818e+06 6.75319e+06 5.36623e+06 5.34224e+06
threshold=0.97863307222192453 1.6073739134340836 90.015000000000001 0.41489674452495579 -0.60355339059327384 -0.60785761079279388 -0.12940952255126034 6.2498431000000005 1.0000000180025095e-35 -1.0000000180025095e-35 0.81174490092936691 2.2824269971427964 0.34297410096246372 1099.9950000000001
decision_type=2 2 2 2 2 2 2 2 2 2 2 2 2 2
left_child=2 5 8 11 -5 6 -2 -7 10 -4 -1 -3 -10 -11
right_child=1 3 9 4 -6 7 -8 -9 12 13 -12 -13 -14 -15
leaf_value=-6.0515601386108271 -10.084533633688716 17.101544192250312 -4.4603986041664516 -18.366347238360618 13.036691215489128 18.99082037006605 5.6391763086330098 5.5783261782256099 -27.456319031035633 5.7107861105006581 -0.56773187773489153 28.53195325129861 -10.572405062796388 33.718681510289507
leaf_weight=14196 806 1676 1054 195 1492 613 1017 3830 266 1280 2689 753 647 71
leaf_count=14196 806 1676 1054 195 1492 613 1017 3830 266 1280 2689 753 647 71
internal_value=0.00341137 9.31231 -4.78051 16.0448 9.39809 4.88805 -1.31444 7.4327 -5.70948 2.09374 -5.17833 20.6553 -15.5161 7.20655
internal_weight=30585 10382 20203 4116 1687 6266 1823 4443 17798 2405 16885 2429 913 1351
internal_count=30585 10382 20203 4116 1687 6266 1823 4443 17798 2405 16885 2429 913 1351
is_linear=0
shrinkage=0.1


Tree=22
num_leaves=15
num_cat=0
split_feature=5 4 11 1 7 1 1 12 4 4 1 1 5 11
split_gain=1.32597e+08 3.29764e+07 2.28331e+07 1.73155e+07 1.50723e+07 1.2658e+07 1.0466e+07 8.23814e+06 7.50984e+06 6.05507e+06 5.96736e+06 4.55389e+06 4.25122e+06 3.23965e+06
threshold=1720.0260074008504 992.63087228520772 1.0000000180025095e-35 0.07815191598035949 -0.12940952255126034 0.24704976018373964 0.17754724334573557 6.3611460000000006 466.16131816231001 2231.5016179326008 0.060107392327039592 0.12164037820727351 2019.4196213484609 1.0000000180025095e-35
decision_type=2 2 2 2 2 2 2 2 2 2 2 2 2 2
left_child=1 8 3 7 -4 -5 10 -2 13 -8 -3 -10 -6 -1
right_child=2 6 4 5 12 -7 9 -9 11 -11 -12 -13 -14 -15
leaf_value=-6.9949558239153298 14.427136973992498 8.208935608708595 -51.517938280680099 10.650155854440982 -10.804622957303927 -46.044751955531538 -8.3489858648796318 26.016843661341895 -2.5054990277083102 -63.22622807820639 1.7239352199429476 -8.0722655803513614 27.36716206327398 -15.625115034777622
leaf_weight=7660 1040 2333 82 2671 76 39 493 1512 8766 20 3621 1765 46 461
leaf_count=7660 1040 2333 82 2671 76 39 493 1512 8766 20 3621 1765 46 461
internal_value=0.00323615 -3.06835 14.1167 15.39 -18.6424 9.81757 3.08466 21.3013 -5.20176 -10.6073 4.26595 -3.43917 3.6935 -7.48672
internal_weight=30585 25119 5466 5262 204 2710 6467 2552 18652 513 5954 10531 122 8121
internal_count=30585 25119 5466 5262 204 2710 6467 2552 18652 513 5954 10531 122 8121
is_linear=0
shrinkage=0.1


Tree=23
num_leaves=15
num_cat=0
split_feature=2 1 2 0 2 7 8 13 8 11 1 9 7 2
split_gain=8.82743e+07 2.0802e+07 1.75295e+07 1.66869e+07 1.28321e+07 1.02106e+07 8.85252e+06 7.82495e+06 7.48925e+06 5.51502e+06 5.02943e+06 4.62764e+06 7.26796e+06 5.86052e+06
threshold=1.0660977007725549 0.10592229655737891 1.9467176928395675 0.50247997818105761 0.54598297188338074 -0.37940952255126009 -0.60785761079279388 6.5157562000000011 -1.0000000180025095e-35 1.0000000180025095e-35 0.15497246883075538 0.81174490092936691 -0.37940952255126009 0.26079311168918645
decision_type=2 2 2 2 2 2 2 2 2 2 2 2 2 2
left_child=4 2 7 6 11 -5 -3 -2 10 -4 -6 13 -13 -1
right_child=1 3 9 5 8 -7 -8 -9 -10 -11 -12 12 -14 -15
leaf_value=-15.613285220577835 17.298175434389883 -5.0223887490034107 20.588852551117267 -70.393362853106325 -2.3645741230016677 -12.930456281583862 7.7794398881495006 6.2243846978054105 2.5895878141610607 -28.881084840194042 -14.570863253712501 5.0173219624367356 -6.2089966494749049 -5.6163554699756624
leaf_weight=619 771 749 1727 33 2797 353 1931 3696 4211 22 383 1028 1311 10954
leaf_count=619 771 749 1727 33 2797 353 1931 3696 4211 22 383 1028 1311 10954
internal_value=0.00250468 8.14083 11.4652 1.39952 -3.54369 -18.0123 4.20108 8.13915 -0.1764 19.9504 -3.83882 -5.33248 -1.27495 -6.15236
internal_weight=30585 9282 6216 3066 21303 386 2680 4467 7391 1749 3180 13912 2339 11573
internal_count=30585 9282 6216 3066 21303 386 2680 4467 7391 1749 3180 13912 2339 11573
is_linear=0
shrinkage=0.1


Tree=24
num_leaves=15
num_cat=0
split_feature=5 5 11 1 7 1 9 12 12 1 12 8 7 2
split_gain=9.13831e+07 2.06397e+07 1.68761e+07 1.56384e+07 1.22102e+07 1.21891e+07 1.25445e+07 8.63061e+06 3.92749e+06 3.57327e+06 3.07851e+06 2.87474e+06 4.33185e+06 4.22664e+06
threshold=1720.0260074008504 583.57754877602679 1.0000000180025095e-35 0.079306453220254175 -0.37940952255126009 0.22920403930075578 0.81174490092936691 3.5113512000000004 7.3876658500000003 0.13522422607677229 7.9717285500000008 -0.60785761079279388 -0.37940952255126009 0.83838769366094412
decision_type=2 2 2 2 2 2 2 2 2 2 2 2 2 2
left_child=1 11 5 8 -4 6 -2 -5 -3 -6 -7 12 -1 -13
right_child=2 3 4 7 9 10 -8 -9 -10 -11 -12 13 -14 -15
leaf_value=-11.05677100217714 11.364695604533537 7.0886841007960655 -50.707450323173966 4.762413200907627 16.786073842048648 -39.935265134882044 25.372617634413714 -5.0236576446479688 1.7472192254436913 -15.400465662339156 5.7315693083263586 -4.4047997698905821 -4.6084327798892621 12.516088469982147
leaf_weight=1764 4442 2791 68 1128 69 53 747 4468 2717 67 20 9553 2549 149
leaf_count=1764 4442 2791 68 1128 69 53 747 4468 2717 67 20 9553 2549 149
internal_value=0.00192038 -2.54802 11.7185 0.672363 -16.444 12.8132 13.3858 -3.05056 4.45463 0.932799 -27.5154 -5.09937 -7.24773 -4.14367
internal_weight=30585 25119 5466 11104 204 5262 5189 5596 5508 136 73 14015 4313 9702
internal_count=30585 25119 5466 11104 204 5262 5189 5596 5508 136 73 14015 4313 9702
is_linear=0
shrinkage=0.1


Tree=25
num_leaves=15
num_cat=0
split_feature=4 4 0 3 2 0 3 11 8 3 9 3 12 12
split_gain=7.08079e+07 1.73668e+07 9.23532e+06 7.75952e+06 7.65792e+06 6.15439e+06 5.70284e+06 4.47597e+06 4.41202e+06 4.15645e+06 4.06347e+06 3.8069e+06 3.54165e+06 2.07692e+06
threshold=1743.9111632769943 753.39488002536666 0.50247997818105761 434.00500000000005 2.5750175502600348 0.53476337928950091 178.04999999999998 1.0000000180025095e-35 -1.0000000180025095e-35 -243.50499999999994 0.81174490092936691 199.99000000000015 3.7999710000000007 8.3161285000000031
decision_type=2 2 2 2 2 2 2 2 2 2 2 2 2 2
left_child=1 7 4 5 6 -3 -2 10 -5 -9 -1 12 -4 -6
right_child=2 3 11 8 13 -7 -8 9 -10 -11 -12 -13 -14 -15
leaf_value=-4.6506058045977978 7.8962996642930792 1.016613301997539 2.7394584766563095 1.5583876456055687 18.232904706058275 -8.5906099508240299 15.489114089538829 -31.270912961756935 16.813409260094424 -8.9070246254997478 -0.19259135404707697 8.762817130886992 -16.756009072768382 32.145384854350596
leaf_weight=12135 2745 8304 178 320 250 724 1550 93 465 736 2459 236 194 196
leaf_count=12135 2745 8304 178 320 250 724 1550 93 465 736 2459 236 194 196
internal_value=0.00157871 -2.21371 10.4515 1.075 11.9393 0.245296 10.6394 -4.30611 10.6047 -11.4505 -3.89952 -1.14987 -7.4452 24.4051
internal_weight=30585 25236 5349 9813 4741 9028 4295 15423 785 829 14594 608 372 446
internal_count=30585 25236 5349 9813 4741 9028 4295 15423 785 829 14594 608 372 446
is_linear=0
shrinkage=0.1


Tree=26
num_leaves=15
num_cat=0
split_feature=5 1 5 1 3 3 2 0 1 0 4 1 12 9
split_gain=6.26179e+07 1.88207e+07 1.70439e+07 1.2764e+07 7.18148e+06 6.90072e+06 6.67276e+06 5.59632e+06 4.99063e+06 4.88293e+06 4.1373e+06 4.25787e+06 3.00577e+06 2.72881e+06
threshold=1274.0841273047001 0.22031234280403358 3005.0980100075335 0.067477736225598883 -0.20500000000001248 90.015000000000001 1.3555679858933034 0.56835695140508702 0.087347966513776756 0.45707478635649396 1257.8883593046228 0.060671807164413907 3.3987086500000006 1.0000000180025095e-35
decision_type=2 2 2 2 2 2 2 2 2 2 2 2 2 2
left_child=5 2 3 -2 13 7 -4 8 -1 -6 12 -12 -7 -3
right_child=1 4 6 -5 9 10 -8 -9 -10 -11 11 -13 -14 -15
leaf_value=-2.0253923465554475 10.917587177818962 -25.768209667863516 65.388911045619423 3.0437300653922548 12.03544946740071 10.17146260529047 20.381529375336925 -11.665915636256921 -5.5029899599072314 -24.298550453290499 21.569962040173639 2.35428248268741 -1.4304408703973897 -68.834027857250632
leaf_weight=11048 3479 28 34 5044 59 251 643 842 6588 96 193 285 1960 35
leaf_count=11048 3479 28 34 5044 59 251 643 842 6588 96 193 285 1960 35
internal_value=0.00153294 6.78448 7.47344 6.25866 -22.1924 -3.01663 22.735 -3.7054 -3.3247 -10.4797 1.71599 10.1417 -0.109352 -50.3954
internal_weight=30585 9418 9200 8523 218 21167 677 18478 17636 155 2689 478 2211 63
internal_count=30585 9418 9200 8523 218 21167 677 18478 17636 155 2689 478 2211 63
is_linear=0
shrinkage=0.1


Tree=27
num_leaves=15
num_cat=0
split_feature=5 4 0 7 1 1 3 1 5 0 7 4 3 2
split_gain=5.22655e+07 1.23894e+07 1.23506e+07 1.14821e+07 9.55795e+06 6.43592e+06 5.87574e+06 5.74566e+06 5.96652e+06 5.04429e+06 5.04325e+06 4.73473e+06 4.25219e+06 2.96378e+06
threshold=1720.0260074008504 1039.4924051361979 0.41083225113847138 -0.5 0.15926292198568234 0.077628717337741196 -1227.9999999999998 0.15497246883075538 1420.263053060253 0.50488326144062734 -0.37940952255126009 675.15669659905097 -287.98999999999995 0.87818257690048962
decision_type=2 2 2 2 2 2 2 2 2 2 2 2 2 2
left_child=1 7 5 9 -5 13 -3 8 -1 -4 -8 -7 -9 -2
right_child=2 6 3 4 -6 11 10 12 -10 -11 -12 -13 -14 -15
leaf_value=-2.9008047382577637 48.139094149321323 -22.968424276126328 -12.085114585269581 8.7652240260496779 -9.6190931620159219 41.162945930117914 -1.3305723765659812 -26.479778977472392 15.657103614807131 -60.385480340321863 4.6190192814862403 7.8939333781481524 -7.6549514164652281 17.196484285598853
leaf_weight=17501 31 92 230 1761 336 43 2296 133 174 23 3752 1634 1171 1408
leaf_count=17501 31 92 230 1761 336 43 2296 133 174 23 3752 1634 1171 1408
internal_value=0.00140037 -1.92703 8.86223 3.38655 5.81634 12.9894 1.97733 -3.19019 -2.71724 -16.6965 2.36053 8.77101 -9.59379 17.896
internal_weight=30585 25119 5466 2350 2097 3116 6140 18979 17675 253 6048 1677 1304 1439
internal_count=30585 25119 5466 2350 2097 3116 6140 18979 17675 253 6048 1677 1304 1439
is_linear=0
shrinkage=0.1


Tree=28
num_leaves=15
num_cat=0
split_feature=5 11 4 7 12 1 1 12 3 7 1 0 1 5
split_gain=4.23431e+07 1.17006e+07 1.09768e+07 9.18751e+06 9.14206e+06 1.16203e+07 8.62765e+06 6.6165e+06 5.56211e+06 5.46507e+06 5.06841e+06 2.79481e+06 2.67012e+06 3.38461e+06
threshold=1720.0260074008504 1.0000000180025095e-35 520.53403998596036 -0.12940952255126034 7.9153435000000014 0.20179298745144222 0.17754724334573557 6.2200513500000012 -153.40499999999994 -0.5 0.061103692654164939 0.41693426933808292 0.06415770680355494 1169.3710645709209
decision_type=2 2 2 2 2 2 2 2 2 2 2 2 2 2
left_child=2 4 12 11 5 -2 7 -4 -5 -8 -6 -3 13 -1
right_child=1 3 6 8 10 -7 9 -9 -10 -11 -12 -13 -14 -15
leaf_value=-2.4948842381009397 5.9004526491355191 -17.874712829028862 4.0403373090322861 -43.644837743585761 18.646179600788592 -25.914379754933449 -24.665845720316913 -0.86805442882355388 11.796597193736657 -5.075732202643759 9.7240124003259734 -56.131512832641604 -5.1902956104033002 27.056603026084414
leaf_weight=6380 2248 33 4626 21 950 120 184 6756 101 622 1944 49 6513 38
leaf_count=6380 2248 33 4626 21 950 120 184 6756 101 622 1944 49 6513 38
internal_value=0.00126036 7.97676 -1.73449 -15.4695 8.8885 4.27796 0.418725 1.12705 1.97615 -9.57294 12.6583 -41.1363 -3.76386 -2.31573
internal_weight=30585 5466 25119 204 5262 2368 12188 11382 122 806 2894 82 12931 6418
internal_count=30585 5466 25119 204 5262 2368 12188 11382 122 806 2894 82 12931 6418
is_linear=0
shrinkage=0.1


Tree=29
num_leaves=15
num_cat=0
split_feature=5 11 1 9 7 12 5 1 3 2 7 2 10 10
split_gain=3.48714e+07 1.53424e+07 1.26628e+07 1.32536e+07 9.05586e+06 7.39269e+06 6.00353e+06 7.98304e+06 5.71791e+06 3.35563e+06 3.06679e+06 2.17364e+06 1.91599e+06 1.84588e+06
threshold=1433.9411256865305 1.0000000180025095e-35 0.22031234280403358 0.81174490092936691 -0.12940952255126034 10.065666500000001 540.38965734328144 0.080540969049177027 -1.0000000180025095e-35 1.4976901357683527 -0.37940952255126009 0.027067348678601878 1.0000000180025095e-35 1.0000000180025095e-35
decision_type=2 2 2 2 2 2 2 2 2 2 2 2 2 2
left_child=6 2 3 -2 13 -6 11 9 -4 -8 -9 -1 -13 -3
right_child=1 4 8 -5 5 -7 7 10 -10 -11 -12 12 -14 -15
leaf_value=-13.435368307794517 5.7910376369330017 -27.025530306683034 -42.907561375759542 18.3662627719205 -16.581419704995067 27.58235394267713 2.2189150196664946 -6.6146210182230805 -6.2384045526962879 15.977057021338007 -1.1776778642759949 -2.3226821847252852 -4.9271783196171057 -52.887042666541213
leaf_weight=207 6025 85 63 973 105 58 4881 1572 128 183 3049 9118 4094 44
leaf_count=207 6025 85 63 973 105 58 4881 1572 128 183 3049 9118 4094 44
internal_value=0.000792032 5.93428 6.84766 7.54187 -16.4996 -0.794339 -1.92063 -0.0231463 -18.4939 2.71916 -3.02828 -3.29001 -3.13005 -36.1855
internal_weight=30585 7481 7189 6998 292 163 23104 9685 191 5064 4621 13419 13212 129
internal_count=30585 7481 7189 6998 292 163 23104 9685 191 5064 4621 13419 13212 129
is_linear=0
shrinkage=0.1


Tree=30
num_leaves=15
num_cat=0
split_feature=5 0 9 7 3 1 5 7 1 0 1 1 1 3
split_gain=2.88193e+07 9.48188e+06 9.22762e+06 8.99351e+06 8.35707e+06 6.52028e+06 6.50175e+06 6.37664e+06 4.88895e+06 4.52301e+06 3.64106e+06 3.63775e+06 1.64736e+06 1.3725e+06
threshold=1821.205440764641 0.50247997818105761 0.81174490092936691 1.0000000180025095e-35 -0.20500000000001248 0.053624484105295342 862.78481538327071 -0.37940952255126009 0.15926292198568234 0.51698655354599754 0.22031234280403358 0.24704976018373964 0.22031234280403358 -1504.4999999999998
decision_type=2 2 2 2 2 2 2 2 2 2 2 2 2 2
left_child=4 2 5 -4 9 -2 12 -3 -9 10 -1 -8 -6 -11
right_child=1 7 3 -5 6 -7 11 8 -10 13 -12 -13 -14 -15
leaf_value=-2.8197868543482709 12.802302533304932 -48.41041840639982 28.687055852111474 4.3009132773052032 -1.5279953941057265 3.7933777968359403 2.5267969513558812 2.0619929380656532 -23.500826846912346 -33.306994819641112 -31.062810267572821 -22.41651068784423 -18.006209175508531 -9.0873442388805952
leaf_weight=6136 1172 32 404 242 11519 2554 6602 382 92 23 45 58 60 1264
leaf_count=6136 1172 32 404 242 11519 2554 6602 382 92 23 45 58 60 1264
internal_value=0.000372202 7.04636 8.54621 19.5725 -1.33685 6.62978 -0.18306 -5.9041 -2.9386 -4.15434 -3.0304 2.30624 -1.61493 -9.5457
internal_weight=30585 4878 4372 646 25707 3726 18239 506 474 7468 6181 6660 11579 1287
internal_count=30585 4878 4372 646 25707 3726 18239 506 474 7468 6181 6660 11579 1287
is_linear=0
shrinkage=0.1


Tree=31
num_leaves=15
num_cat=0
split_feature=5 1 3 11 3 2 5 0 7 2 5 3 3 3
split_gain=2.34113e+07 1.21906e+07 1.05845e+07 6.73592e+06 6.18463e+06 8.33919e+06 5.71437e+06 3.58847e+06 1.07078e+07 9.77946e+06 4.48309e+06 3.99393e+06 2.61214e+06 2.47235e+06
threshold=1065.6107339580142 0.07815191598035949 -0.99500000000000444 1.0000000180025095e-35 269.00500000000005 2.2824269971427964 2970.0870861186709 0.45590199492226907 -0.37940952255126009 0.60005309991678535 133.87200642658311 195.01000000000013 141.00500000000002 1250.0050000000003
decision_type=2 2 2 2 2 2 2 2 2 2 2 2 2 2
left_child=7 4 3 -3 5 -2 -4 10 9 -9 -1 -10 -12 -6
right_child=1 2 6 -5 13 -7 -8 8 11 -11 12 -13 -14 -15
leaf_value=21.609011335756588 3.7862371709236209 -5.6145950320522857 1.7399496424863985 -32.292802115128595 13.037320554441635 17.675222854650752 16.075076256737567 -7.6534594879846303 -2.7309938902762791 -29.00274997491103 -1.5401398912649178 6.214666817840766 4.834446309364874 40.545001585310438
leaf_weight=86 3681 1062 4372 103 1045 489 296 1236 5494 259 11200 548 681 33
leaf_count=86 3681 1062 4372 103 1045 489 296 1236 5494 259 11200 548 681 33
internal_value=-0.000109559 3.67025 0.523883 -7.99894 7.16657 5.41879 2.65219 -2.08547 -3.79451 -11.369 -1.00886 -1.91874 -1.17438 13.9162
internal_weight=30585 11081 5833 1165 5248 4170 4668 19504 7537 1495 11967 6042 11881 1078
internal_count=30585 11081 5833 1165 5248 4170 4668 19504 7537 1495 11967 6042 11881 1078
is_linear=0
shrinkage=0.1


Tree=32
num_leaves=15
num_cat=0
split_feature=4 5 8 7 7 0 0 1 3 3 1 0 9 4
split_gain=2.04578e+07 9.10148e+06 6.64831e+06 8.89266e+06 6.47045e+06 6.85369e+06 6.35471e+06 6.58524e+06 6.32092e+06 4.38947e+06 4.11122e+06 3.97407e+06 4.01006e+06 3.6626e+06
threshold=1845.9241844862479 2536.291659429196 -0.60785761079279388 -0.12940952255126034 -0.70710678118654757 0.41489674452495579 0.50247997818105761 0.11421608886533151 298.97000000000008 749.93500000000017 0.074941269561409882 0.47344484209981913 1.0000000180025095e-35 1090.1199783712404
decision_type=2 2 2 2 2 2 2 2 2 2 2 2 2 2
left_child=1 2 3 -1 5 10 9 -8 -4 -6 -2 13 -13 -3
right_child=4 11 8 -5 6 -7 7 -9 -10 -11 -12 12 -14 -15
leaf_value=-7.6124348235199637 8.8995324564539988 53.395458898090183 -0.80424079685739813 -0.61345376018580289 9.2709138308541181 -19.359879282387823 4.0792682873990396 -22.601257580173904 6.0395621715757262 35.968835091969325 -3.9690727281767888 26.518002210344591 -32.782058586120606 18.264787342570244
leaf_weight=3352 510 41 16854 3959 3031 164 392 120 1466 62 482 20 24 108
leaf_count=3352 510 41 16854 3959 3031 164 392 120 1466 62 482 20 24 108
internal_value=5.40243e-05 -1.11049 -1.27377 -3.823 6.02269 -0.487278 8.10977 -2.20585 -0.256287 9.81753 2.64914 20.468 -5.83719 28.2231
internal_weight=30585 25824 25631 7311 4761 1156 3605 512 18320 3093 992 193 44 149
internal_count=30585 25824 25631 7311 4761 1156 3605 512 18320 3093 992 193 44 149
is_linear=0
shrinkage=0.1


Tree=33
num_leaves=15
num_cat=0
split_feature=5 11 7 1 9 12 1 5 12 3 2 3 9 3
split_gain=1.58809e+07 9.62622e+06 1.01716e+07 9.25984e+06 7.53223e+06 7.41429e+06 3.31136e+06 2.90529e+06 2.75224e+06 2.19729e+06 1.71993e+06 1.5898e+06 1.01421e+06 970288
threshold=1065.6107339580142 1.0000000180025095e-35 -0.12940952255126034 0.24704976018373964 0.81174490092936691 8.9836310000000008 0.093726962052257792 566.16425397893579 5.5372485000000013 199.99000000000015 0.3046457821390553 -747.82499999999993 0.81174490092936691 -130.00499999999997
decision_type=2 2 2 2 2 2 2 2 2 2 2 2 2 2
left_child=6 3 12 4 -2 -4 7 13 -9 -5 -8 -12 -3 -1
right_child=1 2 5 9 -6 -7 10 8 -10 -11 11 -13 -14 -15
leaf_value=-6.9482692496829177 2.7779696607489384 -32.225953418953615 -11.382616518913393 -42.09586609838388 10.365469717729617 25.136180283806542 -8.2861422337041457 7.2806023615517681 0.25890757479754284 -8.7793326658361099 -16.588143297486447 -2.804854816618175 -11.652934806577621 -1.5087207741435136
leaf_weight=339 9043 158 150 51 1529 87 693 698 2772 33 84 5607 30 9311
leaf_count=339 9043 158 150 51 1529 87 693 698 2772 33 84 5607 30 9311
internal_value=0.00029284 3.02325 -11.7182 3.61224 3.87621 2.07231 -1.71724 -0.80821 1.67303 -29.2645 -3.585 -3.01118 -29.0221 -1.70051
internal_weight=30585 11081 425 10656 10572 237 19504 13120 3470 84 6384 5691 188 9650
internal_count=30585 11081 425 10656 10572 237 19504 13120 3470 84 6384 5691 188 9650
is_linear=0
shrinkage=0.1


Tree=34
num_leaves=14
num_cat=0
split_feature=4 5 1 3 7 0 0 1 8 13 3 3 4
split_gain=1.47997e+07 7.40259e+06 6.27282e+06 6.60988e+06 5.09414e+06 5.06276e+06 4.80458e+06 7.44203e+06 3.89594e+06 3.21577e+06 3.10904e+06 2.86298e+06 1.05843e+06
threshold=1928.6294953818244 3050.8705243132035 0.24704976018373964 298.97000000000008 -0.78656609248549325 0.40981496607995499 0.4711049549032259 0.14844847440593664 1.0000000180025095e-35 11.0522735 199.00000000000009 698.00500000000022 1308.4361375932579
decision_type=2 2 2 2 2 2 2 2 2 2 2 2 2
left_child=1 2 3 -1 5 10 11 -8 -4 -7 -2 -6 -3
right_child=4 12 8 -5 6 9 7 -9 -10 -11 -12 -13 -14
leaf_value=-1.3300602138522759 -3.0676593650338919 54.754433673361078 -36.39805570674848 4.3647731324640233 8.7797282120436666 -33.960661846063509 3.7707920496096978 -27.531695959595751 7.960719504179778 -2.3278395207722986 10.890507792750833 31.873056800582191 22.671839380264284
leaf_weight=24034 450 22 78 2226 2563 70 649 85 26 59 246 54 23
leaf_count=24034 450 22 78 2226 2563 70 649 85 26 59 246 54 23
internal_value=-5.18015e-05 -0.874846 -0.944743 -0.847174 5.53103 -1.50658 7.26358 0.113318 -25.3382 -19.6221 1.87438 9.26824 39.206
internal_weight=30585 26409 26364 26260 4176 825 3351 734 104 129 696 2617 45
internal_count=30585 26409 26364 26260 4176 825 3351 734 104 129 696 2617 45
is_linear=0
shrinkage=0.1


Tree=35
num_leaves=15
num_cat=0
split_feature=4 5 0 7 9 7 0 3 0 7 0 12 4 3
split_gain=1.20879e+07 6.3559e+06 5.06024e+06 8.68153e+06 6.23636e+06 4.5281e+06 4.292e+06 3.40129e+06 2.75714e+06 2.6818e+06 2.55762e+06 2.76768e+06 2.54836e+06 2.27885e+06
threshold=1845.9241844862479 2536.291659429196 0.42638154842451809 -0.37940952255126009 0.81174490092936691 -0.9159756150367534 0.51698655354599754 -524.62999999999977 0.48170589843767903 -0.37940952255126009 0.36369985488925355 7.1626761500000002 1090.1199783712404 249.98999999999992
decision_type=2 2 2 2 2 2 2 2 2 2 2 2 2 2
left_child=1 2 4 -4 -1 10 7 -7 12 -8 13 -12 -3 -2
right_child=5 8 3 -5 -6 6 9 -9 -10 -11 11 -13 -14 -15
leaf_value=-0.594174250314498 -4.1407883539409838 43.261180964383215 -7.9715664192879094 -1.166687532283909 5.2936520814342956 -2.8661295267843432 -31.320470675300154 7.597783477130128 -8.4679413155147003 -1.8573372658571541 -1.8037106645993952 -23.99529312061814 14.748538906961427 14.986231427089027
leaf_weight=11574 192 43 2329 9599 2129 340 33 3540 34 340 120 105 116 91
leaf_count=11574 192 43 2329 9599 2129 340 33 3540 34 340 120 105 116 91
internal_value=8.56333e-05 -0.853566 -0.990014 -2.49593 0.320922 4.62956 5.69538 6.68034 17.1788 -4.54077 -4.28721 -12.2201 22.6817 2.04071
internal_weight=30585 25824 25631 11928 13703 4761 4253 3880 193 373 508 225 159 283
internal_count=30585 25824 25631 11928 13703 4761 4253 3880 193 373 508 225 159 283
is_linear=0
shrinkage=0.1


Tree=36
num_leaves=15
num_cat=0
split_feature=3 2 0 8 7 0 7 9 5 3 12 4 7 8
split_gain=1.05613e+07 8.56934e+06 6.203e+06 5.03306e+06 4.63296e+06 4.2117e+06 1.17801e+07 5.62538e+06 3.76489e+06 3.22284e+06 2.39532e+06 2.03476e+06 1.50315e+06 1.74254e+06
threshold=178.04999999999998 2.5750175502600348 0.37421539709467644 0.6078576107927941 -0.5 0.44803637224076576 -0.37940952255126009 0.81174490092936691 910.35760903550988 961.81500000000017 7.5886932500000013 1278.2321883546915 -0.5 -0.60785761079279388
decision_type=2 2 2 2 2 2 2 2 2 2 2 2 2 2
left_child=1 2 8 5 -4 7 -7 -2 -1 11 -11 -5 13 -3
right_child=3 12 4 9 -6 6 -8 -9 -10 10 -12 -13 -14 -15
leaf_value=-0.51282248741967884 2.787681047664166 -13.178906439542772 -5.4982465792003836 4.0116971284193168 -1.3384884222706805 -20.139215932894444 2.5853453091296861 16.423970292690512 3.6592872171351951 45.226601983225628 3.8282338489185683 12.350967997684508 17.080178620849374 10.989374575473496
leaf_weight=5817 1415 39 3381 530 12858 275 1314 384 3442 42 21 656 294 117
leaf_count=5817 1415 39 3381 530 12858 275 1314 384 3442 42 21 656 294 117
internal_value=8.26303e-05 -0.785507 -1.02715 4.39535 -2.20485 2.39359 -1.35767 5.70588 1.03837 9.81901 31.7026 8.63083 12.8786 4.90185
internal_weight=30585 25948 25498 4637 16239 3388 1589 1799 9259 1249 63 1186 450 156
internal_count=30585 25948 25498 4637 16239 3388 1589 1799 9259 1249 63 1186 450 156
is_linear=0
shrinkage=0.1


Tree=37
num_leaves=15
num_cat=0
split_feature=3 4 11 1 12 5 1 1 7 9 3 12 12 1
split_gain=8.55982e+06 7.25547e+06 5.82476e+06 4.84005e+06 4.81609e+06 4.81367e+06 4.81021e+06 4.62653e+06 3.03287e+06 6.2906e+06 2.94987e+06 2.92005e+06 2.64261e+06 1.93741e+06
threshold=178.04999999999998 2895.5032941072968 1.0000000180025095e-35 0.19305214367951343 9.6949885000000027 1523.002253024885 0.24704976018373964 0.18635890477550934 -0.5 0.81174490092936691 961.81500000000017 5.3212885000000005 10.281095000000002 0.11573843638251087
decision_type=2 2 2 2 2 2 2 2 2 2 2 2 2 2
left_child=1 2 6 8 11 -4 -1 13 9 -2 -10 -5 -6 -3
right_child=3 7 5 4 12 -7 -8 -9 10 -11 -12 -13 -14 -15
leaf_value=-0.61405592053025171 -1.0817070384479426 11.831064532765321 -5.4469274193001915 -4.3083677512076166 42.184552244706595 -24.505014779970246 -27.648086215510514 -29.035476338863376 5.9370801742148949 18.284339370278165 19.395848537039484 -27.558692607012659 1.3573258430793369 -1.4092056274414064
leaf_weight=23910 1376 699 959 107 21 153 65 31 2604 190 173 109 57 131
leaf_count=23910 1376 699 959 107 21 153 65 31 2604 190 173 109 57 131
internal_value=0.00033029 -0.706913 -1.01683 3.95726 -8.44059 -8.08879 -0.6885 8.31392 4.79829 1.27811 6.78221 -16.1141 12.7441 9.74215
internal_weight=30585 25948 25087 4637 294 1112 23975 861 4343 1566 2777 216 78 830
internal_count=30585 25948 25087 4637 294 1112 23975 861 4343 1566 2777 216 78 830
is_linear=0
shrinkage=0.1


Tree=38
num_leaves=15
num_cat=0
split_feature=4 1 5 8 3 1 3 3 7 5 4 4 7 3
split_gain=7.68047e+06 5.19233e+06 7.96847e+06 4.09767e+06 7.75901e+06 3.5815e+06 3.75061e+06 3.35477e+06 3.2313e+06 3.19256e+06 2.95309e+06 2.03338e+06 2.50158e+06 965678
threshold=1928.6294953818244 0.092407992926232821 2111.7118711774119 -1.0000000180025095e-35 -298.96999999999997 0.060107392327039592 -1885.3549999999998 299.89500000000015 -0.70710678118654757 2803.4179486041867 1642.3785908357577 2475.030458788719 1.0000000180025095e-35 249.98999999999992
decision_type=2 2 2 2 2 2 2 2 2 2 2 2 2 2
left_child=1 2 7 4 -3 11 -7 -1 -8 -5 -4 13 -13 -2
right_child=5 3 10 9 -6 6 8 -9 -10 -11 -12 12 -14 -15
leaf_value=-0.21190042705789663 1.8155155548580693 -19.702503219857721 31.147247185999035 -0.88341237989317956 -3.5579151833166685 -28.402570212759624 -4.4077377410018697 5.6507934364253591 4.1048584793024574 25.289477247316789 9.5917663720987179 6.9060955977616771 18.143947606125188 9.5936303960193285
leaf_weight=15203 584 321 97 5559 3956 40 583 1042 1886 46 185 555 309 219
leaf_count=15203 584 321 97 5559 3956 40 583 1042 1886 46 185 555 309 219
internal_value=0.000223316 -0.62997 0.454292 -2.44319 -4.77393 3.98476 1.59651 0.164474 2.09383 -0.66414 17.0901 7.57619 10.9415 3.94611
internal_weight=30585 26409 16527 9882 4277 4176 2509 16245 2469 5605 282 1667 864 803
internal_count=30585 26409 16527 9882 4277 4176 2509 16245 2469 5605 282 1667 864 803
is_linear=0
shrinkage=0.1


Tree=39
num_leaves=15
num_cat=0
split_feature=5 1 5 0 1 11 0 2 1 4 12 5 1 12
split_gain=6.57039e+06 6.70702e+06 6.90915e+06 5.11088e+06 5.84015e+06 3.91346e+06 3.19352e+06 2.50708e+06 1.7688e+06 1.11337e+06 872269 733783 680862 211766
threshold=3050.8705243132035 0.066298056667291869 627.19341434453338 0.4711049549032259 0.17475777883368729 1.0000000180025095e-35 0.56432041997074134 1.8073428942465137 0.15094606262164065 3302.9503335992745 8.7945025000000019 71.155737247132606 0.0657414158223147 8.0380085000000019
decision_type=2 2 2 2 2 2 2 2 2 2 2 2 2 2
left_child=1 2 11 5 -5 -3 -4 12 9 -9 -10 -1 -2 -14
right_child=7 3 6 4 -6 -7 -8 8 10 -11 -12 -13 13 -15
leaf_value=-6.3524232373542571 12.188318261646089 -0.17509851430285306 4.3304846846118847 -2.9906762639531101 -13.41149203470707 -11.268758161097127 -8.9794353722885099 8.5234711231638851 -14.937345782385933 23.381029820846301 7.3523657700111134 -0.42508886348190561 25.769179916381837 42.065157215411851
leaf_weight=214 20 11540 5942 3863 624 326 185 372 44 58 28 7321 23 25
leaf_count=214 20 11540 5942 3863 624 326 185 372 44 58 28 7321 23 25
internal_value=0.000381056 -0.201767 1.43363 -1.56805 -4.44255 -0.480804 3.9272 10.6268 8.15064 10.5771 -6.28715 -0.59425 28.5233 34.9419
internal_weight=30585 30015 13662 16353 4487 11866 6127 570 502 430 72 7535 68 48
internal_count=30585 30015 13662 16353 4487 11866 6127 570 502 430 72 7535 68 48
is_linear=0
shrinkage=0.1


Tree=40
num_leaves=15
num_cat=0
split_feature=0 7 5 9 1 7 1 13 5 8 2 2 0 5
split_gain=5.67583e+06 1.00617e+07 6.80003e+06 9.79531e+06 5.93145e+06 5.55396e+06 3.82186e+06 8.00775e+06 3.56562e+06 2.85588e+06 2.78864e+06 2.54847e+06 1.48908e+06 67721.2
threshold=0.4088404931586393 -0.60355339059327384 1433.9411256865305 0.81174490092936691 0.21364731160036707 -0.12940952255126034 0.15364126980085169 8.6676545000000029 133.87200642658311 -1.0000000180025095e-35 0.52878306520184959 2.1005746971663721 0.31877558948564094 1444.143480146038
decision_type=2 2 2 2 2 2 2 2 2 2 2 2 2 2
left_child=2 4 8 11 9 -5 10 -8 -1 -2 -3 -4 -10 -6
right_child=1 6 3 5 13 -7 7 -9 12 -11 -12 -13 -14 -15
leaf_value=40.290192747116095 -9.0361004610190445 -1.1368066186516104 0.90555701561428015 22.75004881623186 -34.723924872988746 3.3063796291351317 9.7095486009081604 -8.3896996956768479 1.690015610627905 -1.4533070973685849 1.9388577207575584 6.7282932503653203 -0.82769078973071419 -49.806705570220949
leaf_weight=21 1584 6083 2389 428 20 224 302 1266 3479 724 5718 1096 7228 23
leaf_count=21 1584 6083 2389 428 20 224 302 1266 3479 724 5718 1096 7228 23
internal_value=0.000555695 -1.3241 1.4014 4.84508 -7.35563 16.0853 -0.262959 -4.89978 0.0730974 -6.6591 0.353499 2.73816 -0.00953702 -43.7401
internal_weight=30585 15720 14865 4137 2351 652 13369 1568 10728 2308 11801 3485 10707 43
internal_count=30585 15720 14865 4137 2351 652 13369 1568 10728 2308 11801 3485 10707 43
is_linear=0
shrinkage=0.1


Tree=41
num_leaves=15
num_cat=0
split_feature=3 5 2 0 9 7 3 3 2 2 7 6 10 0
split_gain=6.22765e+06 3.823e+06 5.21669e+06 3.38224e+06 3.354e+06 6.85519e+06 5.73167e+06 3.70111e+06 2.77432e+06 2.10111e+06 4.29032e+06 1.725e+06 1.31944e+06 1.26777e+06
threshold=-0.99500000000000444 1433.9411256865305 1.0090803937399995 0.40675408621581371 0.81174490092936691 -0.12940952255126034 -199.99999999999986 -1227.9999999999998 0.3046457821390553 1.5400139436404057 -0.37940952255126009 -0.70710678118654735 1.0000000180025095e-35 0.3039381004304969
decision_type=2 2 2 2 2 2 2 2 2 2 2 2 2 2
left_child=4 9 12 -4 7 6 -6 11 -9 13 -11 -1 -3 -2
right_child=1 2 3 -5 5 -7 -8 8 -10 10 -12 -13 -14 -15
leaf_value=0.12376430363490665 2.2655642652111254 16.139452483153413 4.252687014460987 -0.66757587695422627 18.637474245478394 -5.3774723620306366 1.590674004821401 -8.7599132343032267 -2.1238424146123758 -6.5183721151970735 16.455448524120243 -19.638759360834957 2.3081251604803676 -0.44618076172845689
leaf_weight=57 1968 355 3311 2416 313 714 531 707 5732 130 214 195 86 13856
leaf_count=57 1968 355 3311 2416 313 714 531 707 5732 130 214 195 86 13856
internal_value=0.0004411 0.867619 2.98554 2.17726 -2.34746 1.83035 7.92711 -3.32039 -2.85373 0.0595079 7.77975 -15.1858 13.4535 -0.108804
internal_weight=30585 22336 6168 5727 8249 1558 844 6691 6439 16168 344 252 441 15824
internal_count=30585 22336 6168 5727 8249 1558 844 6691 6439 16168 344 252 441 15824
is_linear=0
shrinkage=0.1


Tree=42
num_leaves=15
num_cat=0
split_feature=1 4 0 7 4 1 9 7 3 5 0 3 3 0
split_gain=5.0888e+06 6.06614e+06 4.09372e+06 7.06232e+06 6.05946e+06 4.02017e+06 3.96872e+06 5.84559e+06 4.12391e+06 2.0201e+06 2.34458e+06 2.00069e+06 1.68003e+06 1.13848e+06
threshold=0.060107392327039592 1543.9451096952896 0.4711049549032259 -0.37940952255126009 701.08182440814699 0.17475777883368729 0.81174490092936691 1.0000000180025095e-35 -148.87499999999997 1374.6770639519916 0.53149732641519176 178.04999999999998 1099.9950000000001 0.5807555267335488
decision_type=2 2 2 2 2 2 2 2 2 2 2 2 2 2
left_child=1 12 6 4 -4 -5 8 -8 -2 11 -11 -3 13 -1
right_child=2 9 3 5 -6 -7 7 -9 -10 10 -12 -13 -14 -15
leaf_value=0.59687765348656818 -6.6021510971402142 6.8570671737616795 -6.6131868612796785 -0.60185409380652211 -25.789586873883788 -9.7180135431566423 8.9292710482327049 -2.7333083159269562 -0.20991123131286604 5.904474511377928 -7.211333519628603 25.341204350310214 21.728336829108162 -4.8881950329781185
leaf_weight=9565 1118 140 585 3554 229 559 1066 719 10292 2083 145 101 36 393
leaf_count=9565 1118 140 585 3554 229 559 1066 719 10292 2083 145 101 36 393
internal_value=0.000456622 1.5558 -1.06922 -3.52853 -12.033 -1.8429 -0.150718 4.23267 -0.836774 5.99341 5.04804 14.6762 0.459003 0.379936
internal_weight=30585 12463 18122 4927 814 4113 13195 1785 11410 2469 2228 241 9994 9958
internal_count=30585 12463 18122 4927 814 4113 13195 1785 11410 2469 2228 241 9994 9958
is_linear=0
shrinkage=0.1


Tree=43
num_leaves=15
num_cat=0
split_feature=3 2 0 5 7 0 3 9 3 4 0 0 12 7
split_gain=4.76696e+06 4.03221e+06 3.61761e+06 2.4085e+06 2.40168e+06 6.00259e+06 3.60049e+06 3.01923e+06 2.19576e+06 1.89736e+06 1.76013e+06 1.75709e+06 1.0256e+06 870139
threshold=69.629999999999924 2.5791342372321999 0.53849663213565524 1308.4361375932579 -0.5 0.44803637224076576 249.98999999999992 0.81174490092936691 961.81500000000017 1997.8783519999365 0.3647590357434442 0.51698655354599754 9.7433180000000004 -0.37940952255126009
decision_type=2 2 2 2 2 2 2 2 2 2 2 2 2 2
left_child=1 2 10 -4 5 7 -7 -2 9 -6 -1 -10 -3 -14
right_child=4 12 3 -5 8 6 -8 -9 11 -11 -12 -13 13 -15
leaf_value=0.74501142075313265 0.47011513253745474 5.9144341096785915 -3.8530604562412467 -15.722850205948218 2.1696192410732471 -1.201992169214271 -20.981213398833773 12.149064785691481 21.463327924229883 7.4247162631683654 -1.1408103758230308 1.1609671446369656 -0.12021230061848959 21.406627684948493
leaf_weight=7712 1821 206 1644 190 3409 170 200 251 120 860 13812 66 23 101
leaf_count=7712 1821 206 1644 190 3409 170 200 251 120 860 13812 66 23 101
internal_value=0.000427276 -0.673233 -0.828507 -5.09065 2.3139 -0.20657 -11.9212 1.89007 3.69523 3.22976 -0.465122 14.304 10.2866 17.4447
internal_weight=30585 23688 23358 1834 6897 2442 370 2072 4455 4269 21524 186 330 124
internal_count=30585 23688 23358 1834 6897 2442 370 2072 4455 4269 21524 186 330 124
is_linear=0
shrinkage=0.1


Tree=44
num_leaves=15
num_cat=0
split_feature=1 3 3 1 0 1 8 7 0 11 0 3 12 3
split_gain=4.21696e+06 3.77742e+06 3.51637e+06 2.88258e+06 2.01059e+06 2.29428e+06 1.86278e+06 1.81425e+06 4.48945e+06 1.76048e+06 1.63677e+06 1.32219e+06 1.07471e+06 986502
threshold=0.068051304740325322 299.89500000000015 -0.99500000000000444 0.22920403930075578 0.55822821171919923 0.1522633365147972 -1.0000000180025095e-35 -0.5 0.45366336749553832 1.0000000180025095e-35 0.58570885546523554 1099.9950000000001 7.4899308000000007 -337.56999999999988
decision_type=2 2 2 2 2 2 2 2 2 2 2 2 2 2
left_child=1 10 3 9 6 -6 -4 8 -3 -2 -1 -9 -5 -12
right_child=2 7 4 12 5 -7 -8 11 -10 -11 13 -13 -14 -15
leaf_value=0.95157607358635232 -2.5625644811256927 5.3868468286698326 -1.3700099583784089 -14.136180929704146 -2.7516684626525558 -19.472346693555888 1.233191918754962 8.871806458553646 -24.381603736626474 -9.7033019830611487 -26.389414145729759 28.127550647446988 -43.563461901924825 -4.5094564412352307
leaf_weight=12696 4251 455 4866 32 354 106 6315 657 56 375 21 37 21 343
leaf_count=12696 4251 455 4866 32 354 106 6315 657 56 375 21 37 21 343
internal_value=0.000482248 1.25638 -1.09728 -3.41226 -0.166585 -6.63858 0.100251 6.61123 2.0833 -3.14339 0.761836 9.9374 -26.3869 -5.8406
internal_weight=30585 14265 16320 4679 11641 460 11181 1205 511 4626 13060 694 53 364
internal_count=30585 14265 16320 4679 11641 460 11181 1205 511 4626 13060 694 53 364
is_linear=0
shrinkage=0.1


Tree=45
num_leaves=15
num_cat=0
split_feature=3 8 1 2 11 5 1 8 12 3 1 1 5 12
split_gain=3.58209e+06 3.54092e+06 5.74807e+06 3.08188e+06 2.82232e+06 3.4004e+06 2.78236e+06 2.34035e+06 2.33929e+06 2.2072e+06 2.02656e+06 1.14443e+06 1.26333e+06 996902
threshold=178.04999999999998 0.6078576107927941 0.19305214367951343 2.5750175502600348 1.0000000180025095e-35 1523.002253024885 0.22031234280403358 -0.8783796973249266 9.6949885000000027 417.00500000000005 0.13608701970604178 0.15364126980085169 2055.8953207150594 13.961301000000002
decision_type=2 2 2 2 2 2 2 2 2 2 2 2 2 2
left_child=3 2 7 4 6 -6 -1 -2 -4 13 -11 12 -5 -3
right_child=1 9 8 11 5 -7 -8 -9 -10 10 -12 -13 -14 -15
leaf_value=-0.27040243339745285 7.2816768833556198 2.9359965871791451 -20.922091460080793 28.713918769359591 -3.265860338232109 -19.060426846390254 -11.090980356236301 0.58417664351195142 1.7608638040721418 9.4055019573878873 26.52354776578791 -5.695754497391837 7.9163674869112768 18.12219008570132
leaf_weight=24141 658 734 161 31 960 158 239 2506 63 386 84 55 364 45
leaf_count=24141 658 734 161 31 960 158 239 2506 63 386 84 55 364 45
internal_value=9.31219e-05 2.55983 0.881225 -0.457422 -0.602337 -5.51305 -0.376928 1.97888 -14.563 7.10881 12.5147 7.73693 9.61697 3.83536
internal_weight=30585 4637 3388 25948 25498 1118 24380 3164 224 1249 470 450 395 779
internal_count=30585 4637 3388 25948 25498 1118 24380 3164 224 1249 470 450 395 779
is_linear=0
shrinkage=0.1


Tree=46
num_leaves=15
num_cat=0
split_feature=1 4 5 8 3 5 5 0 3 5 5 4 1 12
split_gain=3.42413e+06 4.13733e+06 3.26274e+06 2.84724e+06 5.06708e+06 2.5166e+06 1.71603e+06 1.60104e+06 1.49893e+06 1.1923e+06 689263 674055 609692 379857
threshold=0.060107392327039592 1543.9451096952896 3199.5985812441477 -0.60785761079279388 -524.62999999999977 71.155737247132606 1374.6770639519916 0.53149732641519176 178.04999999999998 2084.4454757204603 527.72862677927287 2803.4179486041867 0.035855526607563047 10.065666500000001
decision_type=2 2 2 2 2 2 2 2 2 2 2 2 2 2
left_child=1 9 3 4 -2 -5 8 -8 -3 10 -1 -4 -11 -13
right_child=2 6 11 5 -6 -7 7 -9 -10 12 -12 13 -14 -15
leaf_value=-0.33427619067561104 -17.51736235168303 6.1720589307394436 26.556830819915326 17.8282236922871 -2.3011732759555761 -0.30487845822193926 4.7777030552460342 -6.0604017688395224 22.174559038760616 5.4674075317382815 1.3943205593701915 6.0107686246236165 29.086408151899064 18.676106895340816
leaf_weight=6318 228 140 33 76 4956 12720 2083 145 101 24 3632 74 20 35
leaf_count=6318 228 140 33 76 4956 12720 2083 145 101 24 3632 74 20 35
internal_value=0.000224192 1.27606 -0.877222 -0.996829 -2.97365 -0.195795 4.94088 4.06995 12.9424 0.370263 0.296782 14.1684 16.6111 10.2104
internal_weight=30585 12463 18122 17980 5184 12796 2469 2228 241 9994 9950 142 44 109
internal_count=30585 12463 18122 17980 5184 12796 2469 2228 241 9994 9950 142 44 109
is_linear=0
shrinkage=0.1


Tree=47
num_leaves=15
num_cat=0
split_feature=0 4 7 8 7 4 9 7 7 1 4 4 9 12
split_gain=3.01571e+06 2.7014e+06 3.18876e+06 3.59954e+06 2.38562e+06 5.65422e+06 2.3657e+06 7.42745e+06 3.03375e+06 2.33206e+06 1.88447e+06 1.82505e+06 1.31083e+06 750399
threshold=0.53476337928950091 1911.1456186422686 -0.5 -0.60785761079279388 -0.37940952255126009 596.74588443185201 0.81174490092936691 -0.12940952255126034 1.0000000180025095e-35 0.1969881678844059 281.04718562976774 3199.5985812441477 1.0000000180025095e-35 5.7639892500000007
decision_type=2 2 2 2 2 2 2 2 2 2 2 2 2 2
left_child=1 6 3 -3 5 -2 8 -8 -1 10 -6 -4 -11 -7
right_child=4 2 11 -5 9 13 7 -9 -10 12 -12 -13 -14 -15
leaf_value=-1.7130753017137499 -4.3786388127088021 -9.0462398794278798 4.0224305860740488 2.0310543569026094 -9.482138814391762 -17.44629423079952 6.7987239163669306 -2.5297983442028471 0.73912594982196866 3.4812143547781584 0.04233612100072074 14.249902335633625 -21.148964085290721 -37.592635369300844
leaf_weight=10224 452 407 2467 1043 231 30 1785 1634 9958 28 1986 187 90 63
leaf_count=10224 452 407 2467 1043 231 30 1785 1634 9958 28 1986 187 90 63
internal_value=0.000566736 0.320759 2.6884 -1.08232 -3.07866 -9.02983 -0.091049 2.34102 -0.503158 -1.68636 -0.953893 4.74815 -15.3244 -31.3486
internal_weight=30585 27705 4104 1450 2880 545 23601 3419 20182 2335 2217 2654 118 93
internal_count=30585 27705 4104 1450 2880 545 23601 3419 20182 2335 2217 2654 118 93
is_linear=0
shrinkage=0.1


Tree=48
num_leaves=15
num_cat=0
split_feature=3 1 3 4 5 7 13 3 5 1 9 5 5 4
split_gain=2.9495e+06 2.69331e+06 2.97835e+06 2.10267e+06 2.75239e+06 2.1534e+06 1.96407e+06 1.73541e+06 1.70872e+06 1.70179e+06 1.2688e+06 2.92622e+06 1.20445e+06 1.19267e+06
threshold=-0.99500000000000444 0.12907691640303154 -499.99999999999983 2475.030458788719 3005.0980100075335 -0.9159756150367534 6.9782670000000007 417.00500000000005 2131.9594740145162 0.02234664207335978 0.81174490092936691 1412.3653628747913 303.37034084237683 297.43633755801244
decision_type=2 2 2 2 2 2 2 2 2 2 2 2 2 2
left_child=1 10 6 4 7 9 -3 -2 -7 -5 13 -12 -4 -1
right_child=3 2 12 5 -6 8 -8 -9 -10 -11 11 -13 -14 -15
leaf_value=-6.6289091765731945 -0.046920056966254814 2.6779048919677737 -11.606284121297518 17.068908210754397 16.534360067660995 12.479700183446013 -15.658723466707313 3.3546770654001672 3.5632030386282199 -11.281411498320018 -0.045814979126485467 12.769752089228742 -1.6600299280083484 -0.95807039076388978
leaf_weight=400 18778 70 136 24 103 253 344 1629 1409 140 1040 214 1099 4946
leaf_count=400 18778 70 136 24 103 253 344 1629 1409 140 1040 214 1099 4946
internal_value=0.000274748 -1.61554 -5.22923 0.597063 0.307473 3.84784 -12.5593 0.224765 4.92722 -7.05428 -0.712008 2.14964 -2.76383 -1.38354
internal_weight=30585 8249 1649 22336 20510 1826 414 20407 1662 164 6600 1254 1235 5346
internal_count=30585 8249 1649 22336 20510 1826 414 20407 1662 164 6600 1254 1235 5346
is_linear=0
shrinkage=0.1


Tree=49
num_leaves=15
num_cat=0
split_feature=1 4 4 8 7 5 5 12 4 5 0 5 1 0
split_gain=2.61619e+06 2.72845e+06 2.42348e+06 2.28298e+06 5.94578e+06 2.12351e+06 1.51231e+06 1.46309e+06 1.16883e+06 828925 595669 892442 527273 507220
threshold=0.060107392327039592 1543.9451096952896 158.91771680779286 -1.0000000180025095e-35 -0.12940952255126034 71.155737247132606 1374.6770639519916 12.221719000000002 2507.049509271968 2084.4454757204603 0.38783451371388872 527.72862677927287 0.035855526607563047 0.5807555267335488
decision_type=2 2 2 2 2 2 2 2 2 2 2 2 2 2
left_child=1 9 10 4 -4 -5 8 -8 -3 13 -2 -12 -11 -1
right_child=2 6 3 5 -6 -7 7 -9 -10 12 11 -13 -14 -15
leaf_value=0.46318586213194674 3.8669011003092715 9.2992214892262766 -5.0081519046858185 20.742504723399293 0.64832849194915376 0.2859479500614085 2.0840825441614688 8.7957482846967778 33.12683663575546 3.6316824080944059 -6.3814715834955376 -17.128709817601145 25.508696146770603 -3.2069812496857986
leaf_weight=9559 37 219 3392 50 4108 10142 1834 394 22 24 287 106 20 391
leaf_count=9559 37 219 3392 50 4108 10142 1834 394 22 24 287 106 20 391
internal_value=0.000314507 1.11551 -0.766657 -0.586132 -1.91024 0.388329 4.09164 3.27439 11.6023 0.379929 -8.17562 -9.31633 13.9217 0.318653
internal_weight=30585 12463 18122 17692 7500 10192 2469 2228 241 9994 430 393 44 9950
internal_count=30585 12463 18122 17692 7500 10192 2469 2228 241 9994 430 393 44 9950
is_linear=0
shrinkage=0.1


Tree=50
num_leaves=13
num_cat=0
split_feature=4 5 8 7 8 4 5 4 5 12 5 11
split_gain=2.07514e+06 2.30601e+06 1.80493e+06 8.73475e+06 3.80031e+06 2.17181e+06 2.48741e+06 1.96126e+06 1.74729e+06 648865 1.86769e+06 1.67634e+06
threshold=468.64610753569633 2273.1114059773076 -0.60785761079279388 -0.12940952255126034 -0.8783796973249266 3050.8705243132035 2148.5964702371089 1799.3481316101695 221.66253622007531 10.855871500000001 1386.0171818619581 1.0000000180025095e-35
decision_type=2 2 2 2 2 2 2 2 2 2 2 2
left_child=1 9 3 4 -2 8 -7 -5 -4 11 -11 -1
right_child=2 -3 5 7 -6 6 -8 -9 -10 10 -12 -13
leaf_value=-1.524766633695197 -1.6142988136050249 25.477897582203152 15.027271120575655 1.1786771231480822 -8.9214877344047974 41.054002519087362 6.4262145548590812 6.8494029935570744 0.81485915017709132 -0.11638828696362649 27.964483928680423 -9.0546610450744627
leaf_weight=6417 1543 31 86 2590 1321 21 381 797 15259 1807 23 309
leaf_count=6417 1543 31 86 2590 1321 21 381 797 15259 1807 23 309
internal_value=0.000533912 -1.31776 0.51517 -0.92241 -4.98663 1.08586 8.33251 2.51469 0.895486 -1.41781 0.251621 -1.87199
internal_weight=30585 8587 21998 6251 2864 15747 402 3387 15345 8556 1830 6726
internal_count=30585 8587 21998 6251 2864 15747 402 3387 15345 8556 1830 6726
is_linear=0
shrinkage=0.1


Tree=51
num_leaves=15
num_cat=0
split_feature=3 8 1 3 1 13 3 7 6 0 4 5 7 4
split_gain=2.31256e+06 2.19337e+06 3.77448e+06 2.37008e+06 1.85348e+06 2.62122e+06 1.79867e+06 1.73214e+06 1.71827e+06 1.68415e+06 1.57941e+06 1.24072e+06 1.20232e+06 584113
threshold=51.905000000000094 0.6078576107927941 0.19305214367951343 417.00500000000005 0.22031234280403358 12.865361000000002 243.00500000000014 -0.60355339059327384 0.91597561503675362 0.52833776859824166 3302.9503335992745 1523.002253024885 1.0000000180025095e-35 2273.1114059773076
decision_type=2 2 2 2 2 2 2 2 2 2 2 2 2 2
left_child=4 2 12 13 9 7 -4 -6 -5 10 -1 -11 -2 -3
right_child=1 3 6 8 5 -7 -8 -9 -10 11 -12 -13 -14 -15
leaf_value=-0.1932820159425537 -0.42996670089941791 1.7769380993913544 -0.81874628575121777 8.1484101221219181 -41.797099990844728 6.4146300832430532 -16.489556219084289 -12.443001250144654 26.19175234720355 -2.3204122892694503 12.04503336672513 -11.043152158408516 2.6037873095889554 7.7308769722138679
leaf_weight=20372 2601 1456 121 410 24 65 185 112 60 2090 105 176 2623 185
leaf_count=20372 2601 1456 121 410 24 65 185 112 60 2090 105 176 2623 185
internal_value=0.000819112 1.50749 0.460427 4.24888 -0.500989 -10.0377 -10.3158 -17.8904 10.5025 -0.416267 -0.129942 -3.00248 1.09351 2.45246
internal_weight=30585 7641 5530 2111 22944 201 306 136 470 22743 20477 2266 5224 1641
internal_count=30585 7641 5530 2111 22944 201 306 136 470 22743 20477 2266 5224 1641
is_linear=0
shrinkage=0.1


Tree=52
num_leaves=15
num_cat=0
split_feature=1 0 7 9 12 1 2 4 7 12 0 0 4 7
split_gain=2.11276e+06 2.15254e+06 2.22153e+06 4.14208e+06 2.6053e+06 1.92554e+06 2.26891e+06 1.8806e+06 1.39715e+06 1.69436e+06 1.12964e+06 874343 1.54397e+06 1.3799e+06
threshold=0.07815191598035949 0.28385721731658087 -0.60355339059327384 0.81174490092936691 9.3313510000000015 0.15617597433275157 1.1901769177352677 2273.1114059773076 -0.12940952255126034 4.513898750000001 0.32282731069456455 0.37421539709467644 852.51399127078719 -0.60355339059327384
decision_type=2 2 2 2 2 2 2 2 2 2 2 2 2 2
left_child=7 5 3 -3 -4 -2 -7 11 10 -10 -9 12 -1 -13
right_child=1 2 4 -5 -6 6 -8 8 9 -11 -12 13 -14 -15
leaf_value=0.17601830762572734 1.6757006221522506 -4.824391704980993 -1.6569581602083057 6.396919696369479 1.7895545434553815 6.9581987987130383 35.757035562727189 10.122698945340103 -0.66704775453895659 10.540142605722071 -0.30647992990509482 -2.533630986954662 3.7979894127961273 0.46520914290926785
leaf_weight=3208 935 2849 6559 371 3294 117 35 122 185 496 667 1898 1858 7991
leaf_count=3208 935 2849 6559 371 3294 117 35 122 185 496 667 1898 1858 7991
internal_value=0.000669772 -0.894439 -1.25003 -3.52992 -0.504675 3.37939 13.7799 0.772351 4.18405 7.49909 1.31692 0.436741 1.5049 -0.110558
internal_weight=30585 14160 13073 3220 9853 1087 152 16425 1470 681 789 14955 5066 9889
internal_count=30585 14160 13073 3220 9853 1087 152 16425 1470 681 789 14955 5066 9889
is_linear=0
shrinkage=0.1


end of trees

feature_importances:
price_ptf_lag_168h=133
renewable_saturation=119
price_ptf_lag_24h=118
reserve_margin_ratio=73
system_short_signal=71
hour_cos=52
spark_spread_proxy=45
temp_national=33
dow_sin_x=28
dow_cos_x=28
is_holiday_day=21
HDD=10
hour_sin=5
is_weekend_x=3

parameters:
[boosting: gbdt]
[objective: regression]
[metric: l1]
[tree_learner: serial]
[device_type: cpu]
[data_sample_strategy: bagging]
[data: ]
[valid: ]
[num_iterations: 200]
[learning_rate: 0.1]
[num_leaves: 15]
[num_threads: 11]
[seed: 42]
[deterministic: 0]
[force_col_wise: 0]
[force_row_wise: 1]
[histogram_pool_size: -1]
[max_depth: 4]
[min_data_in_leaf: 20]
[min_sum_hessian_in_leaf: 0.001]
[bagging_fraction: 0.8]
[pos_bagging_fraction: 1]
[neg_bagging_fraction: 1]
[bagging_freq: 0]
[bagging_seed: 400]
[bagging_by_query: 0]
[feature_fraction: 0.8]
[feature_fraction_bynode: 1]
[feature_fraction_seed: 30056]
[extra_trees: 0]
[extra_seed: 12879]
[early_stopping_round: 0]
[early_stopping_min_delta: 0]
[first_metric_only: 0]
[max_delta_step: 0]
[lambda_l1: 0]
[lambda_l2: 1]
[linear_lambda: 0]
[min_gain_to_split: 0]
[drop_rate: 0.1]
[max_drop: 50]
[skip_drop: 0.5]
[xgboost_dart_mode: 0]
[uniform_drop: 0]
[drop_seed: 17869]
[top_rate: 0.2]
[other_rate: 0.1]
[min_data_per_group: 100]
[max_cat_threshold: 32]
[cat_l2: 10]
[cat_smooth: 10]
[max_cat_to_onehot: 4]
[top_k: 20]
[monotone_constraints: ]
[monotone_constraints_method: basic]
[monotone_penalty: 0]
[feature_contri: ]
[forcedsplits_filename: ]
[refit_decay_rate: 0.9]
[cegb_tradeoff: 1]
[cegb_penalty_split: 0]
[cegb_penalty_feature_lazy: ]
[cegb_penalty_feature_coupled: ]
[path_smooth: 0]
[interaction_constraints: ]
[verbosity: -1]
[saved_feature_importance_type: 0]
[use_quantized_grad: 0]
[num_grad_quant_bins: 4]
[quant_train_renew_leaf: 0]
[stochastic_rounding: 1]
[linear_tree: 0]
[max_bin: 255]
[max_bin_by_feature: ]
[min_data_in_bin: 3]
[bin_construct_sample_cnt: 200000]
[data_random_seed: 175]
[is_enable_sparse: 1]
[enable_bundle: 1]
[use_missing: 1]
[zero_as_missing: 0]
[feature_pre_filter: 1]
[pre_partition: 0]
[two_round: 0]
[header: 0]
[label_column: ]
[weight_column: ]
[group_column: ]
[ignore_column: ]
[categorical_feature: ]
[forcedbins_filename: ]
[precise_float_parser: 0]
[parser_config_file: ]
[objective_seed: 16083]
[num_class: 1]
[is_unbalance: 0]
[scale_pos_weight: 1]
[sigmoid: 1]
[boost_from_average: 1]
[reg_sqrt: 0]
[alpha: 0.9]
[fair_c: 1]
[poisson_max_delta_step: 0.7]
[tweedie_variance_power: 1.5]
[lambdarank_truncation_level: 30]
[lambdarank_norm: 1]
[label_gain: ]
[lambdarank_position_bias_regularization: 0]
[eval_at: ]
[multi_error_top_k: 1]
[auc_mu_weights: ]
[num_machines: 1]
[local_listen_port: 12400]
[time_out: 120]
[machine_list_filename: ]
[machines: ]
[gpu_platform_id: -1]
[gpu_device_id: -1]
[gpu_use_dp: 0]
[num_gpu: 1]

end of parameters

pandas_categorical:[]
